1rv1_IMZ	11GS_EAA	68	8	-1.79	7	-1.883	5	-1.601
1rv1_IMZ	1A27_EST	123	9	-2.651	9	-2.651	9	-2.651
1rv1_IMZ	1A28_STR	153	9	-2.687	8	-2.638	6	-2.245
1rv1_IMZ	1A29_TFP	80	4	-1.364	4	-1.364	4	-1.364
1rv1_IMZ	1A4G_ZMR	65	5	-0.298	1	-0.175	0	0
1rv1_IMZ	1A4L_DCF	94	7	-1.337	5	-1.275	4	-1.171
1rv1_IMZ	1A52_EST	110	5	-1.442	5	-1.442	3	-1.101
1rv1_IMZ	1ACJ_THA	84	7	-1.275	7	-1.275	3	-0.715
1rv1_IMZ	1ACL_DME	79	6	-1.138	6	-1.138	2	-0.503
1rv1_IMZ	1AFS_TES	55	6	-1.344	5	-1.28	4	-1.149
1rv1_IMZ	1AGM_ACR	95	8	-1.182	6	-1.076	1	-0.393
1rv1_IMZ	1AJ0_SAN	36	4	-0.804	4	-0.804	3	-0.621
1rv1_IMZ	1AJ6_NOV	80	4	-0.57	2	-0.484	1	-0.379
1rv1_IMZ	1AQU_EST	98	5	-1.151	5	-1.151	4	-0.968
1rv1_IMZ	1AVN_HSM	20	3	-0.527	2	-0.472	1	-0.282
1rv1_IMZ	1AX9_EDR	95	6	-1.021	5	-0.964	2	-0.452
1rv1_IMZ	1AXW_MTX	103	7	-1.953	7	-1.953	7	-1.953
1rv1_IMZ	1AZM_AZM	79	6	-1.496	6	-1.496	5	-1.36
1rv1_IMZ	1B02_UFP	72	7	-1.441	6	-1.363	2	-0.624
1rv1_IMZ	1BJG_UFP	79	9	-1.664	8	-1.569	4	-0.921
1rv1_IMZ	1BKF_FK5	89	8	-1.93	8	-1.93	7	-1.749
1rv1_IMZ	1BT5_IM2	73	7	-1.227	5	-1.264	3	-0.898
1rv1_IMZ	1BZM_MZM	88	6	-1.402	6	-1.402	3	-0.876
1rv1_IMZ	1C14_TCL	117	7	-2.018	7	-2.018	7	-2.018
1rv1_IMZ	1C3S_SHH	77	5	-0.959	3	-0.77	3	-0.77
1rv1_IMZ	1C6Y_MK1	176	5	-1.221	5	-1.221	3	-0.939
1rv1_IMZ	1C6Z_ROC	186	6	-1.377	5	-1.316	4	-1.166
1rv1_IMZ	1C8L_CFF	34	5	-1.247	5	-1.247	4	-1.074
1rv1_IMZ	1C9H_RAP	80	7	-2.156	7	-2.156	6	-1.979
1rv1_IMZ	1CBR_REA	153	9	-2.339	8	-2.255	6	-1.951
1rv1_IMZ	1CBS_REA	131	8	-2.093	7	-2.059	6	-1.931
1rv1_IMZ	1CEA_ACA	41	4	-0.571	3	-0.524	1	-0.259
1rv1_IMZ	1CEB_AMH	36	4	-0.594	3	-0.556	1	-0.255
1rv1_IMZ	1CET_CLQ	69	5	-1.661	5	-1.661	5	-1.661
1rv1_IMZ	1CIL_ETS	80	5	-1.301	5	-1.301	4	-1.122
1rv1_IMZ	1CLA_CLM	72	6	-1.729	6	-1.729	6	-1.729
1rv1_IMZ	1CTR_TFP	80	4	-1.371	4	-1.371	4	-1.371
1rv1_IMZ	1D1G_MTX	95	6	-1.103	4	-1.001	3	-0.86
1rv1_IMZ	1D7O_TCL	77	7	-2.306	7	-2.306	7	-2.306
1rv1_IMZ	1D8A_TCL	117	11	-2.824	11	-2.824	9	-2.458
1rv1_IMZ	1DBB_STR	73	6	-0.923	4	-0.78	1	-0.265
1rv1_IMZ	1DDR_MTX	114	9	-2.653	9	-2.653	8	-2.466
1rv1_IMZ	1DDS_MTX	114	7	-2.192	7	-2.192	5	-1.801
1rv1_IMZ	1DED_QPS	124	7	-1.375	6	-1.316	4	-0.928
1rv1_IMZ	1DF7_MTX	137	7	-1.769	7	-1.769	5	-1.439
1rv1_IMZ	1DG5_TOP	92	5	-1.286	5	-1.286	5	-1.286
1rv1_IMZ	1DHI_MTX	114	6	-1.924	6	-1.924	5	-1.744
1rv1_IMZ	1DHJ_MTX	117	8	-2.449	8	-2.449	6	-2.073
1rv1_IMZ	1DIT_2PP	50	3	-0.619	3	-0.619	2	-0.519
1rv1_IMZ	1DLS_MTX	126	9	-2.229	9	-2.229	7	-1.875
1rv1_IMZ	1DMA_NCA	58	5	-1.259	5	-1.259	3	-0.955
1rv1_IMZ	1DMY_AZM	75	7	-1.544	6	-1.533	4	-1.249
1rv1_IMZ	1DRA_MTX	111	7	-2.139	7	-2.139	6	-1.962
1rv1_IMZ	1DRB_MTX	114	6	-1.857	6	-1.857	4	-1.501
1rv1_IMZ	1DRE_MTX	120	9	-2.493	9	-2.493	7	-2.137
1rv1_IMZ	1DTL_BEP	140	5	-1.539	5	-1.539	4	-1.43
1rv1_IMZ	1DVT_FLP	73	3	-0.676	3	-0.676	2	-0.548
1rv1_IMZ	1DVX_DIF	118	4	-1.049	4	-1.049	3	-0.89
1rv1_IMZ	1DX6_GNT	110	6	-1.247	5	-1.213	3	-0.88
1rv1_IMZ	1DY4_SNP	73	6	-0.723	3	-0.516	1	-0.22
1rv1_IMZ	1DYR_TOP	102	6	-1.802	6	-1.802	6	-1.802
1rv1_IMZ	1E6V_COM	56	6	-1.451	5	-1.382	4	-1.242
1rv1_IMZ	1E6W_EST	70	5	-1.522	5	-1.522	5	-1.522
1rv1_IMZ	1E6Y_COM	56	6	-1.527	5	-1.44	4	-1.251
1rv1_IMZ	1E7A_PFL	128	8	-1.903	6	-1.75	4	-1.423
1rv1_IMZ	1E7B_HLT	49	3	-1.065	3	-1.065	2	-0.883
1rv1_IMZ	1E7C_HLT	47	4	-1.128	3	-1.112	3	-1.112
1rv1_IMZ	1E7W_MTX	93	4	-1.205	4	-1.205	4	-1.205
1rv1_IMZ	1EA1_TPF	98	5	-1.427	5	-1.427	5	-1.427
1rv1_IMZ	1EI6_PPF	30	4	-0.754	4	-0.754	1	-0.32
1rv1_IMZ	1EPB_REA	165	7	-1.488	6	-1.415	4	-1.106
1rv1_IMZ	1EQG_IBP	120	7	-1.987	6	-1.966	6	-1.966
1rv1_IMZ	1EQH_FLP	130	8	-2.364	7	-2.321	7	-2.321
1rv1_IMZ	1ERR_RAL	144	7	-1.923	7	-1.923	6	-1.727
1rv1_IMZ	1ESW_ACR	90	6	-1.471	6	-1.471	4	-1.204
1rv1_IMZ	1ETA_T44	62	4	-1.016	4	-1.016	3	-0.899
1rv1_IMZ	1ETB_T44	53	4	-0.967	4	-0.967	3	-0.822
1rv1_IMZ	1EVE_E20	98	6	-1.342	5	-1.272	5	-1.272
1rv1_IMZ	1F5L_AMR	73	5	-0.93	4	-0.917	3	-0.8
1rv1_IMZ	1F86_T44	60	3	-0.82	3	-0.82	3	-0.82
1rv1_IMZ	1FAP_RAP	125	9	-2.646	9	-2.646	9	-2.646
1rv1_IMZ	1FB7_ROC	102	3	-0.809	3	-0.809	2	-0.667
1rv1_IMZ	1FBY_REA	152	8	-2.789	8	-2.789	7	-2.676
1rv1_IMZ	1FCM_CXU	94	7	-1.369	7	-1.369	2	-0.578
1rv1_IMZ	1FCN_LOR	89	6	-1.161	5	-1.088	3	-0.742
1rv1_IMZ	1FDS_EST	114	8	-2.473	8	-2.473	8	-2.473
1rv1_IMZ	1FDT_EST	114	9	-2.375	8	-2.295	8	-2.295
1rv1_IMZ	1FDU_EST	134	7	-2.263	7	-2.263	7	-2.263
1rv1_IMZ	1FDW_EST	103	7	-2.102	7	-2.102	7	-2.102
1rv1_IMZ	1FEM_REA	146	6	-1.685	5	-1.618	5	-1.618
1rv1_IMZ	1FK9_EFZ	117	6	-1.403	5	-1.386	4	-1.218
1rv1_IMZ	1FKB_RAP	85	7	-2.042	7	-2.042	6	-1.87
1rv1_IMZ	1FKF_FK5	82	7	-1.81	7	-1.81	6	-1.668
1rv1_IMZ	1FKJ_FK5	82	7	-1.845	7	-1.845	6	-1.68
1rv1_IMZ	1FKL_RAP	85	7	-1.975	7	-1.975	6	-1.781
1rv1_IMZ	1FKO_EFZ	125	7	-1.486	7	-1.486	2	-0.654
1rv1_IMZ	1FKP_NVP	107	7	-1.634	6	-1.546	4	-1.261
1rv1_IMZ	1FM6_BRL	143	10	-3.48	10	-3.48	9	-3.286
1rv1_IMZ	1FM6_REA	155	5	-1.583	5	-1.583	4	-1.391
1rv1_IMZ	1FM9_REA	143	7	-2.313	7	-2.313	6	-2.143
1rv1_IMZ	1FR6_AZR	102	7	-1.525	7	-1.525	4	-1.098
1rv1_IMZ	1FXH_PAC	74	3	-0.63	2	-0.54	2	-0.54
1rv1_IMZ	1FXV_PNN	78	4	-1.108	4	-1.108	4	-1.108
1rv1_IMZ	1G50_EST	116	5	-1.569	5	-1.569	4	-1.381
1rv1_IMZ	1G5Y_REA	99	8	-2.697	7	-2.622	7	-2.622
1rv1_IMZ	1GAH_ACR	94	7	-0.957	4	-0.74	1	-0.35
1rv1_IMZ	1GFZ_CFF	34	5	-1.321	5	-1.321	3	-0.971
1rv1_IMZ	1GM7_PNN	73	6	-1.259	6	-1.259	3	-0.766
1rv1_IMZ	1GS4_ZK5	152	8	-2.322	7	-2.25	6	-2.096
1rv1_IMZ	1GSE_EAA	113	8	-2.29	8	-2.29	6	-2.044
1rv1_IMZ	1GSF_EAA	114	10	-2.363	8	-2.185	7	-2.011
1rv1_IMZ	1GTB_PZQ	24	5	-1.655	4	-1.633	4	-1.633
1rv1_IMZ	1GWR_EST	110	5	-1.41	5	-1.41	4	-1.26
1rv1_IMZ	1GX9_REA	101	6	-1.401	6	-1.401	4	-1.133
1rv1_IMZ	1H5X_IM2	64	6	-1.381	5	-1.285	4	-1.181
1rv1_IMZ	1H60_STR	64	6	-1.529	6	-1.529	4	-1.18
1rv1_IMZ	1H7X_URF	58	6	-1.471	6	-1.471	5	-1.348
1rv1_IMZ	1H8S_AIC	92	5	-0.873	3	-0.693	2	-0.568
1rv1_IMZ	1H8Y_MER	107	8	-1.942	8	-1.942	6	-1.57
1rv1_IMZ	1HBN_COM	52	7	-1.72	7	-1.72	4	-1.248
1rv1_IMZ	1HBO_COM	52	6	-1.556	6	-1.556	4	-1.268
1rv1_IMZ	1HBU_COM	56	7	-1.709	7	-1.709	4	-1.245
1rv1_IMZ	1HK1_T44	98	6	-1.244	4	-1.153	4	-1.153
1rv1_IMZ	1HK2_T44	94	6	-1.306	5	-1.243	3	-0.862
1rv1_IMZ	1HK3_T44	116	7	-1.572	5	-1.428	5	-1.428
1rv1_IMZ	1HK4_T44	68	6	-1.707	6	-1.707	4	-1.36
1rv1_IMZ	1HK5_T44	70	5	-1.412	5	-1.412	4	-1.23
1rv1_IMZ	1HPV_478	196	4	-0.724	3	-0.653	1	-0.37
1rv1_IMZ	1HSG_MK1	203	5	-0.967	4	-0.881	2	-0.649
1rv1_IMZ	1HSH_MK1	203	5	-0.986	4	-0.944	2	-0.607
1rv1_IMZ	1HW9_SIM	112	3	-0.878	3	-0.878	2	-0.716
1rv1_IMZ	1HWI_115	106	6	-1.157	4	-1.006	3	-0.822
1rv1_IMZ	1HWJ_116	111	5	-1.19	5	-1.19	3	-0.827
1rv1_IMZ	1HWK_117	129	5	-1	4	-0.95	2	-0.614
1rv1_IMZ	1HWL_FBI	120	5	-1.087	4	-1.022	4	-1.022
1rv1_IMZ	1HXW_RIT	190	5	-0.989	3	-0.827	2	-0.653
1rv1_IMZ	1I1E_DM2	69	6	-1.287	6	-1.287	3	-0.816
1rv1_IMZ	1I2W_CFX	80	5	-0.932	4	-0.87	2	-0.555
1rv1_IMZ	1I9J_TES	98	6	-1.63	6	-1.63	6	-1.63
1rv1_IMZ	1IE4_T44	129	4	-1.068	4	-1.068	4	-1.068
1rv1_IMZ	1IEP_STI	136	8	-2.208	8	-2.208	7	-2.014
1rv1_IMZ	1IGJ_DGX	96	6	-1.359	6	-1.359	3	-0.857
1rv1_IMZ	1IKE_HSM	50	3	-0.51	2	-0.446	1	-0.307
1rv1_IMZ	1IOL_EST	110	9	-2.565	9	-2.565	9	-2.565
1rv1_IMZ	1ISI_NCA	11	2	-0.177	1	-0.194	0	0
1rv1_IMZ	1ITU_CIL	73	4	-0.678	3	-0.603	1	-0.231
1rv1_IMZ	1J36_LPR	82	7	-1.552	7	-1.552	6	-1.451
1rv1_IMZ	1J37_MCO	47	6	-1.276	6	-1.276	3	-0.764
1rv1_IMZ	1J3J_CP6	80	6	-1.638	6	-1.638	6	-1.638
1rv1_IMZ	1J96_TES	72	5	-1.149	5	-1.149	5	-1.149
1rv1_IMZ	1JB0_PQN	84	7	-1.971	6	-1.884	5	-1.744
1rv1_IMZ	1JD0_AZM	73	5	-1.043	4	-1.036	3	-0.851
1rv1_IMZ	1JGL_EST	99	7	-1.277	3	-1.148	3	-1.148
1rv1_IMZ	1JIN_KTN	117	6	-1.664	5	-1.597	5	-1.597
1rv1_IMZ	1JIP_KTN	137	10	-2.852	9	-2.754	9	-2.754
1rv1_IMZ	1JKH_EFZ	110	6	-1.477	5	-1.378	4	-1.254
1rv1_IMZ	1JLF_NVP	106	7	-1.466	5	-1.389	3	-1.059
1rv1_IMZ	1JQD_HSM	61	5	-1.101	5	-1.101	2	-0.579
1rv1_IMZ	1JR1_MOA	80	5	-0.915	4	-0.96	2	-0.64
1rv1_IMZ	1JS3_142	71	5	-1.038	4	-0.939	3	-0.756
1rv1_IMZ	1JT1_MCO	51	6	-1.538	6	-1.538	5	-1.401
1rv1_IMZ	1JTV_TES	107	9	-2.663	9	-2.663	9	-2.663
1rv1_IMZ	1JU6_LYA	90	6	-1.523	6	-1.523	4	-1.239
1rv1_IMZ	1JVJ_IM2	79	5	-1.045	5	-1.045	3	-0.767
1rv1_IMZ	1JZS_MRC	134	9	-2.237	9	-2.237	7	-1.959
1rv1_IMZ	1K1Y_ACR	71	6	-1.318	5	-1.236	4	-1.105
1rv1_IMZ	1K5Q_PAC	91	5	-0.881	3	-0.71	2	-0.516
1rv1_IMZ	1K6C_MK1	188	6	-1.325	6	-1.325	3	-0.864
1rv1_IMZ	1K6R_MXL	102	8	-1.759	7	-1.672	6	-1.513
1rv1_IMZ	1K74_REA	136	7	-2.223	7	-2.223	6	-2.058
1rv1_IMZ	1KAR_HSM	42	5	-0.906	4	-0.853	2	-0.513
1rv1_IMZ	1KI2_GA2	94	8	-1.998	8	-1.998	6	-1.769
1rv1_IMZ	1KI3_PE2	110	9	-2.219	8	-2.173	6	-1.935
1rv1_IMZ	1KI7_ID2	93	8	-2.006	7	-1.919	5	-1.637
1rv1_IMZ	1KIJ_NOV	124	6	-1.738	6	-1.738	5	-1.597
1rv1_IMZ	1KL2_FON	111	7	-1.331	7	-1.331	2	-0.527
1rv1_IMZ	1KLM_SPP	113	4	-1.074	4	-1.074	3	-0.888
1rv1_IMZ	1KNY_KAN	18	3	-0.514	2	-0.457	2	-0.457
1rv1_IMZ	1KVL_CLS	101	7	-1.375	5	-1.221	3	-0.951
1rv1_IMZ	1KXH_ACR	82	5	-1.025	5	-1.025	3	-0.762
1rv1_IMZ	1L5Q_CFF	43	6	-1.401	5	-1.337	5	-1.337
1rv1_IMZ	1L7X_CFF	43	6	-1.417	6	-1.417	4	-1.072
1rv1_IMZ	1L8T_KAN	38	4	-0.401	2	-0.466	2	-0.466
1rv1_IMZ	1LBC_CYZ	90	6	-1.663	6	-1.663	4	-1.291
1rv1_IMZ	1LF9_ACR	94	6	-0.526	4	-0.821	2	-0.556
1rv1_IMZ	1LHU_EST	89	7	-1.727	7	-1.727	5	-1.489
1rv1_IMZ	1LHV_NOG	104	7	-1.938	7	-1.938	6	-1.744
1rv1_IMZ	1LIN_TFP	80	5	-1.587	5	-1.587	4	-1.4
1rv1_IMZ	1LL5_IM2	89	7	-1.446	7	-1.446	3	-0.94
1rv1_IMZ	1LQP_FCN	51	4	-0.499	3	-0.415	0	0
1rv1_IMZ	1LW0_NVP	113	6	-1.769	6	-1.769	5	-1.639
1rv1_IMZ	1LWC_NVP	113	7	-1.709	7	-1.709	4	-1.33
1rv1_IMZ	1LWE_NVP	106	7	-1.985	6	-1.92	6	-1.92
1rv1_IMZ	1LWF_NVP	113	8	-1.841	7	-1.742	5	-1.46
1rv1_IMZ	1M17_AQ4	116	4	-1.009	4	-1.009	2	-0.671
1rv1_IMZ	1M2W_MTL	51	7	-1.129	6	-1.083	3	-0.644
1rv1_IMZ	1M2X_MCO	36	5	-0.652	3	-0.682	2	-0.493
1rv1_IMZ	1M2Z_DEX	138	9	-2.847	8	-2.798	8	-2.798
1rv1_IMZ	1M4D_TOY	57	4	-1.249	4	-1.249	4	-1.249
1rv1_IMZ	1M4I_KAN	57	4	-1.198	4	-1.198	4	-1.198
1rv1_IMZ	1M8D_CLW	44	5	-1.267	5	-1.267	4	-1.117
1rv1_IMZ	1M9J_CLW	44	5	-1.175	5	-1.175	3	-0.844
1rv1_IMZ	1MAA_DME	98	4	-0.792	4	-0.792	3	-0.689
1rv1_IMZ	1ME7_MOA	62	4	-0.426	3	-0.575	1	-0.205
1rv1_IMZ	1MEH_MOA	49	4	-0.691	3	-0.622	2	-0.441
1rv1_IMZ	1MEI_MOA	63	6	-0.769	4	-0.631	0	0
1rv1_IMZ	1MRL_DOL	107	6	-1.896	6	-1.896	5	-1.729
1rv1_IMZ	1MRO_COM	52	6	-1.631	6	-1.631	5	-1.498
1rv1_IMZ	1MRQ_STR	80	6	-1.416	6	-1.416	5	-1.239
1rv1_IMZ	1MUI_AB1	201	4	-0.922	3	-0.872	3	-0.872
1rv1_IMZ	1MX1_THA	124	7	-1.993	6	-1.897	5	-1.751
1rv1_IMZ	1MX5_HTQ	160	7	-1.936	6	-1.869	5	-1.765
1rv1_IMZ	1MXD_ACR	65	5	-0.888	4	-0.795	2	-0.455
1rv1_IMZ	1MXF_MTX	94	6	-1.722	6	-1.722	5	-1.6
1rv1_IMZ	1MXG_ACR	65	6	-1.031	4	-0.86	2	-0.502
1rv1_IMZ	1N49_RIT	203	4	-0.793	2	-0.633	2	-0.633
1rv1_IMZ	1N4H_REA	134	7	-1.739	6	-1.745	6	-1.745
1rv1_IMZ	1N5M_GMN	28	2	-0.605	2	-0.605	2	-0.605
1rv1_IMZ	1N5X_TEI	101	7	-1.442	7	-1.442	4	-0.951
1rv1_IMZ	1ND4_KAN	25	3	-0.096	1	-0.176	0	0
1rv1_IMZ	1NDF_152	51	5	-0.886	4	-0.818	2	-0.497
1rv1_IMZ	1NHG_TCL	116	8	-2.411	8	-2.411	8	-2.411
1rv1_IMZ	1NHZ_486	153	9	-2.951	8	-2.921	8	-2.921
1rv1_IMZ	1NKI_PPF	51	6	-0.789	5	-0.691	0	0
1rv1_IMZ	1NNC_ZMR	56	6	-0.465	3	-0.448	1	-0.209
1rv1_IMZ	1NP1_HSM	50	3	-0.511	2	-0.444	1	-0.272
1rv1_IMZ	1NR6_DIF	83	3	-0.732	2	-0.75	2	-0.75
1rv1_IMZ	1NX9_AIC	58	4	-0.77	3	-0.702	2	-0.51
1rv1_IMZ	1O28_UFP	51	7	-1.216	6	-1.134	3	-0.708
1rv1_IMZ	1O29_UFP	51	6	-1.06	5	-0.975	3	-0.712
1rv1_IMZ	1O86_LPR	81	7	-1.698	7	-1.698	6	-1.537
1rv1_IMZ	1OG5_SWF	104	7	-1.717	6	-1.635	4	-1.316
1rv1_IMZ	1OHR_1UN	179	5	-0.878	3	-0.794	3	-0.794
1rv1_IMZ	1OJU_NCA	71	4	-0.881	3	-0.846	3	-0.846
1rv1_IMZ	1OPJ_STI	143	7	-2.05	7	-2.05	6	-1.908
1rv1_IMZ	1OQ5_CEL	104	6	-1.538	6	-1.538	5	-1.377
1rv1_IMZ	1OT7_IU5	122	6	-1.926	6	-1.926	5	-1.823
1rv1_IMZ	1OXR_AIN	68	5	-1.341	5	-1.341	4	-1.192
1rv1_IMZ	1P2Y_NCT	77	6	-2.012	6	-2.012	5	-1.817
1rv1_IMZ	1P33_MTX	107	6	-1.763	6	-1.763	5	-1.655
1rv1_IMZ	1P45_TCL	65	6	-1.688	6	-1.688	5	-1.493
1rv1_IMZ	1P5Z_AR3	70	8	-1.987	8	-1.987	4	-1.287
1rv1_IMZ	1P62_GEO	79	6	-1.623	6	-1.623	5	-1.483
1rv1_IMZ	1P7R_NCT	88	7	-2.191	7	-2.191	6	-2.011
1rv1_IMZ	1P93_DEX	138	8	-2.524	7	-2.543	7	-2.543
1rv1_IMZ	1PB9_4AX	56	5	-0.678	3	-0.647	2	-0.541
1rv1_IMZ	1PBC_BHA	92	7	-1.572	6	-1.513	5	-1.328
1rv1_IMZ	1PBF_BHA	76	6	-1.409	6	-1.409	5	-1.308
1rv1_IMZ	1PBK_RAP	98	6	-1.62	6	-1.62	5	-1.508
1rv1_IMZ	1PCG_EST	110	7	-2.073	7	-2.073	6	-1.885
1rv1_IMZ	1PHG_MYT	96	7	-2.022	7	-2.022	6	-1.853
1rv1_IMZ	1PK9_2FA	75	5	-0.944	4	-0.982	2	-0.672
1rv1_IMZ	1PNL_PAC	64	4	-0.763	4	-0.763	2	-0.436
1rv1_IMZ	1PXX_DIF	111	7	-2.064	7	-2.064	6	-1.962
1rv1_IMZ	1Q0Y_MOI	69	4	-0.811	3	-0.783	2	-0.597
1rv1_IMZ	1Q13_TES	61	6	-1.174	5	-1.123	3	-0.845
1rv1_IMZ	1Q6I_FK5	98	6	-1.464	5	-1.464	5	-1.464
1rv1_IMZ	1Q7A_OPB	88	8	-2.182	8	-2.182	5	-1.775
1rv1_IMZ	1QD1_FON	150	6	-1.629	6	-1.629	5	-1.466
1rv1_IMZ	1QFT_HSM	77	5	-0.841	3	-0.874	3	-0.874
1rv1_IMZ	1QFV_HSM	59	5	-0.67	4	-0.67	1	-0.263
1rv1_IMZ	1QG6_TCL	108	8	-2.088	8	-2.088	7	-1.936
1rv1_IMZ	1QHS_CLM	93	7	-1.933	6	-1.857	6	-1.857
1rv1_IMZ	1QHY_CLM	84	8	-2.299	7	-2.255	7	-2.255
1rv1_IMZ	1QKN_RAL	139	8	-2.594	8	-2.594	8	-2.594
1rv1_IMZ	1QKT_EST	110	6	-1.912	6	-1.912	6	-1.912
1rv1_IMZ	1QSG_TCL	111	6	-1.764	6	-1.764	6	-1.764
1rv1_IMZ	1QTI_GNT	101	8	-1.39	7	-1.338	3	-0.771
1rv1_IMZ	1QZR_CDX	50	4	-1.066	4	-1.066	3	-0.891
1rv1_IMZ	1R15_NCA	29	5	-0.826	5	-0.826	2	-0.426
1rv1_IMZ	1R9O_FLP	102	7	-1.735	6	-1.706	4	-1.472
1rv1_IMZ	1RA3_MTX	120	6	-1.69	6	-1.69	5	-1.526
1rv1_IMZ	1RB3_MTX	117	7	-1.93	7	-1.93	4	-1.419
1rv1_IMZ	1RG7_MTX	135	6	-1.664	6	-1.664	5	-1.544
1rv1_IMZ	1RH3_MTX	120	9	-2.487	9	-2.487	7	-2.153
1rv1_IMZ	1RJ6_AZM	71	7	-1.24	5	-1.441	4	-1.306
1rv1_IMZ	1RKW_PNT	81	7	-1.989	7	-1.989	6	-1.794
1rv1_IMZ	1RL8_RIT	208	5	-0.947	3	-0.778	3	-0.778
1rv1_IMZ	1RQJ_RIS	38	4	-0.58	2	-0.434	1	-0.261
1rv1_IMZ	1RV7_AB1	140	6	-1.231	5	-1.181	3	-0.814
1rv1_IMZ	1RX3_MTX	120	7	-2.107	7	-2.107	6	-1.909
1rv1_IMZ	1RXC_URF	62	5	-1.054	4	-0.98	3	-0.833
1rv1_IMZ	1S14_NOV	67	5	-1.113	4	-1.052	3	-0.912
1rv1_IMZ	1S19_MC9	156	8	-2.291	6	-2.109	6	-2.109
1rv1_IMZ	1S1X_NVP	104	6	-1.463	6	-1.463	4	-1.132
1rv1_IMZ	1S2A_IMN	82	7	-1.647	7	-1.647	4	-1.126
1rv1_IMZ	1S2Q_RAS	75	6	-1.495	5	-1.444	5	-1.444
1rv1_IMZ	1S5O_152	51	5	-0.875	3	-0.707	3	-0.707
1rv1_IMZ	1S9P_DES	130	7	-2.248	7	-2.248	6	-2.065
1rv1_IMZ	1S9Q_OHT	152	10	-3.085	9	-2.992	9	-2.992
1rv1_IMZ	1SDT_MK1	203	6	-1.138	5	-1.078	2	-0.646
1rv1_IMZ	1SDU_MK1	194	6	-1.057	4	-0.909	2	-0.608
1rv1_IMZ	1SDV_MK1	200	6	-1.074	4	-0.921	2	-0.589
1rv1_IMZ	1SGU_MK1	197	4	-0.813	2	-0.657	2	-0.657
1rv1_IMZ	1SH9_RIT	197	4	-0.692	2	-0.604	2	-0.604
1rv1_IMZ	1SKX_RFP	151	6	-1.862	6	-1.862	5	-1.668
1rv1_IMZ	1SN0_T44	109	3	-0.804	3	-0.804	3	-0.804
1rv1_IMZ	1SN5_T3	115	3	-0.777	3	-0.777	2	-0.592
1rv1_IMZ	1SQN_NDR	138	7	-2.231	6	-2.173	6	-2.173
1rv1_IMZ	1SV5_65B	107	5	-1.28	5	-1.28	2	-0.746
1rv1_IMZ	1SV9_DIF	88	5	-1.691	5	-1.691	5	-1.691
1rv1_IMZ	1SXK_BHA	9	1	-0.291	1	-0.291	1	-0.291
1rv1_IMZ	1T02_LVA	97	6	-1.703	6	-1.703	5	-1.595
1rv1_IMZ	1T3R_017	197	4	-0.741	2	-0.634	2	-0.634
1rv1_IMZ	1T46_STI	164	7	-1.529	4	-1.321	4	-1.321
1rv1_IMZ	1T69_SHH	87	4	-0.797	4	-0.797	1	-0.24
1rv1_IMZ	1T7I_017	185	4	-0.973	3	-0.893	3	-0.893
1rv1_IMZ	1T7J_478	194	4	-0.895	3	-0.891	3	-0.891
1rv1_IMZ	1T7O_152	51	4	-0.841	4	-0.841	2	-0.492
1rv1_IMZ	1T7Q_152	51	4	-0.816	4	-0.816	2	-0.526
1rv1_IMZ	1TBF_VIA	143	7	-2.242	7	-2.242	6	-2.126
1rv1_IMZ	1TCO_FK5	161	9	-2.701	9	-2.701	9	-2.701
1rv1_IMZ	1TDB_UFP	65	7	-1.294	5	-1.171	3	-0.8
1rv1_IMZ	1TDR_MTX	111	7	-1.865	6	-1.78	4	-1.435
1rv1_IMZ	1TGM_AIN	54	5	-1.304	4	-1.228	3	-1.12
1rv1_IMZ	1TH6_OIN	72	6	-1.248	6	-1.248	4	-1.009
1rv1_IMZ	1TLM_MIL	50	3	-0.704	3	-0.704	2	-0.591
1rv1_IMZ	1TLS_UFP	93	7	-1.486	6	-1.394	4	-1.043
1rv1_IMZ	1TNL_TPA	77	4	-0.622	3	-0.622	2	-0.521
1rv1_IMZ	1TSN_UFP	92	8	-1.753	8	-1.753	4	-1.18
1rv1_IMZ	1TT6_DES	47	3	-0.646	3	-0.646	1	-0.318
1rv1_IMZ	1TUF_AZ1	68	6	-1.693	6	-1.693	4	-1.376
1rv1_IMZ	1TYL_TYL	63	1	-0.428	1	-0.428	1	-0.428
1rv1_IMZ	1TYM_TYL	54	1	-0.455	1	-0.455	1	-0.455
1rv1_IMZ	1TYR_REA	59	3	-0.767	3	-0.767	2	-0.571
1rv1_IMZ	1TZ8_DES	85	3	-0.722	3	-0.722	2	-0.611
1rv1_IMZ	1U18_HSM	48	2	-0.287	1	-0.239	1	-0.239
1rv1_IMZ	1U70_MTX	114	5	-1.356	5	-1.356	4	-1.185
1rv1_IMZ	1U72_MTX	118	7	-1.733	7	-1.733	5	-1.414
1rv1_IMZ	1UAE_FCN	62	5	-0.62	5	-0.62	0	0
1rv1_IMZ	1UDT_VIA	132	8	-2.589	7	-2.509	7	-2.509
1rv1_IMZ	1UDU_CIA	109	6	-1.656	6	-1.656	5	-1.463
1rv1_IMZ	1UEJ_CTN	65	5	-1.094	5	-1.094	3	-0.824
1rv1_IMZ	1UH5_TCL	116	8	-2.252	8	-2.252	8	-2.252
1rv1_IMZ	1UHO_VDN	132	7	-2.24	7	-2.24	6	-2.11
1rv1_IMZ	1ULV_ACR	81	5	-0.187	3	-0.567	1	-0.24
1rv1_IMZ	1UOB_PNN	115	5	-1.183	5	-1.183	3	-0.863
1rv1_IMZ	1UOF_PNN	85	6	-1.405	5	-1.359	4	-1.182
1rv1_IMZ	1UPF_URF	61	4	-1.169	4	-1.169	4	-1.169
1rv1_IMZ	1USQ_CLM	70	4	-0.992	4	-0.992	2	-0.64
1rv1_IMZ	1UV6_CCE	74	6	-1.192	5	-1.124	4	-0.98
1rv1_IMZ	1UW6_NCT	74	4	-0.827	3	-0.757	3	-0.757
1rv1_IMZ	1UWH_BAX	151	7	-1.822	6	-1.8	5	-1.644
1rv1_IMZ	1UZE_EAL	78	8	-1.865	8	-1.865	7	-1.704
1rv1_IMZ	1UZF_MCO	44	6	-1.303	6	-1.303	5	-1.158
1rv1_IMZ	1V3E_ZMR	59	5	-0.586	2	-0.332	0	0
1rv1_IMZ	1V3Q_2DI	112	9	-2.167	9	-2.167	7	-1.822
1rv1_IMZ	1VM1_TAZ	18	4	-0.915	3	-0.822	2	-0.659
1rv1_IMZ	1VPO_TES	109	6	-1.484	6	-1.484	4	-1.233
1rv1_IMZ	1VRQ_FON	111	5	-1.211	5	-1.211	3	-0.879
1rv1_IMZ	1VRT_NVP	95	5	-1.174	4	-1.075	3	-0.955
1rv1_IMZ	1VZC_UFP	85	9	-1.234	6	-1.27	3	-0.715
1rv1_IMZ	1VZD_UFP	81	7	-1.384	6	-1.293	5	-1.184
1rv1_IMZ	1W0F_STR	30	3	-0.834	3	-0.834	3	-0.834
1rv1_IMZ	1W0G_MYT	57	7	-1.691	4	-1.464	4	-1.464
1rv1_IMZ	1W3R_2MN	42	2	-0.573	2	-0.573	2	-0.573
1rv1_IMZ	1W6R_GNT	113	7	-1.249	6	-1.195	2	-0.531
1rv1_IMZ	1W76_GNT	97	6	-1.45	6	-1.45	4	-1.115
1rv1_IMZ	1WRK_TFP	77	7	-2.044	7	-2.044	6	-1.864
1rv1_IMZ	1WRL_TFP	73	6	-1.489	5	-1.426	4	-1.309
1rv1_IMZ	1X70_715	78	7	-1.236	7	-1.236	2	-0.417
1rv1_IMZ	1XBB_STI	113	5	-0.975	3	-0.895	3	-0.895
1rv1_IMZ	1XDK_REA	155	7	-2.068	7	-2.068	5	-1.795
1rv1_IMZ	1XIU_REA	161	6	-2.083	6	-2.083	5	-1.899
1rv1_IMZ	1XKK_FMM	176	8	-2.341	8	-2.341	7	-2.143
1rv1_IMZ	1XL8_152	47	5	-1.015	5	-1.015	3	-0.73
1rv1_IMZ	1XLS_REA	161	6	-2.102	5	-2.005	5	-2.005
1rv1_IMZ	1XOS_VIA	102	8	-2.142	8	-2.142	7	-2.01
1rv1_IMZ	1XOT_VDN	122	9	-2.409	9	-2.409	8	-2.281
1rv1_IMZ	1XOZ_CIA	119	5	-1.422	5	-1.422	3	-1.128
1rv1_IMZ	1XP0_VDN	143	9	-2.25	9	-2.25	5	-1.619
1rv1_IMZ	1XQL_4AX	47	5	-1.145	5	-1.145	3	-0.842
1rv1_IMZ	1XZ1_HLT	37	3	-1.342	3	-1.342	3	-1.342
1rv1_IMZ	1XZ3_ICF	43	3	-0.766	2	-0.862	2	-0.862
1rv1_IMZ	1XZQ_FON	92	6	-1.199	6	-1.199	3	-0.845
1rv1_IMZ	1XZX_T3	155	8	-1.785	5	-1.626	4	-1.473
1rv1_IMZ	1Y9R_1CA	156	4	-0.954	3	-0.958	2	-0.759
1rv1_IMZ	1YA3_STR	138	6	-1.529	5	-1.476	3	-1.128
1rv1_IMZ	1YAT_FK5	84	7	-1.606	6	-1.554	6	-1.554
1rv1_IMZ	1YC2_NCA	37	4	-0.734	3	-0.697	3	-0.697
1rv1_IMZ	1YC5_NCA	50	4	-0.784	4	-0.784	3	-0.678
1rv1_IMZ	1YDA_AZM	53	4	-1.063	4	-1.063	3	-0.886
1rv1_IMZ	1YDB_AZM	48	4	-1.098	4	-1.098	3	-0.921
1rv1_IMZ	1YDD_AZM	46	5	-1.398	5	-1.398	4	-1.237
1rv1_IMZ	1YHL_RIS	40	5	-0.839	4	-0.781	1	-0.305
1rv1_IMZ	1YHM_AHD	27	4	-0.688	3	-0.602	1	-0.28
1rv1_IMZ	1YKI_NFZ	39	6	-1.282	5	-1.183	4	-1.012
1rv1_IMZ	1YMX_CFX	71	5	-0.865	3	-0.829	2	-0.637
1rv1_IMZ	1YQ7_RIS	40	6	-1.132	5	-1.051	4	-0.923
1rv1_IMZ	1YV5_RIS	38	6	-1.104	6	-1.104	2	-0.518
1rv1_IMZ	1YVM_TMG	48	5	-0.878	4	-0.806	2	-0.471
1rv1_IMZ	1Z11_8MO	98	8	-2.675	8	-2.675	7	-2.527
1rv1_IMZ	1Z35_2FA	80	6	-1.186	5	-1.202	2	-0.702
1rv1_IMZ	1Z95_198	169	9	-2.765	9	-2.765	8	-2.652
1rv1_IMZ	1Z9H_IMN	119	5	-1.544	5	-1.544	5	-1.544
1rv1_IMZ	1Z9Y_FUN	115	6	-1.47	6	-1.47	5	-1.289
1rv1_IMZ	1ZGF_TRU	79	5	-1.281	5	-1.281	3	-0.929
1rv1_IMZ	1ZGY_BRL	139	9	-2.891	9	-2.891	8	-2.706
1rv1_IMZ	1ZSB_AZM	53	6	-1.504	6	-1.504	4	-1.168
1rv1_IMZ	1ZW5_ZOL	30	3	-0.464	1	-0.294	1	-0.294
1rv1_IMZ	1ZZ1_SHH	100	4	-0.704	3	-0.625	2	-0.523
1rv1_IMZ	1ZZQ_MTL	42	4	-0.547	2	-0.517	2	-0.517
1rv1_IMZ	1ZZU_MTL	42	4	-0.544	2	-0.438	1	-0.283
1rv1_IMZ	2A15_NCA	79	5	-1.37	5	-1.37	4	-1.238
1rv1_IMZ	2A1H_GBN	75	5	-1.037	5	-1.037	3	-0.694
1rv1_IMZ	2A3A_TEP	71	5	-0.783	3	-0.633	1	-0.271
1rv1_IMZ	2A3B_CFF	33	5	-0.489	2	-0.3	0	0
1rv1_IMZ	2A3C_PNX	79	5	-0.71	3	-0.634	2	-0.509
1rv1_IMZ	2A3R_LDP	86	5	-0.871	5	-0.871	2	-0.444
1rv1_IMZ	2A68_RBT	92	6	-1.421	6	-1.421	4	-1.122
1rv1_IMZ	2A69_RPT	92	6	-1.405	6	-1.405	4	-1.094
1rv1_IMZ	2A7Q_CFB	82	8	-2.076	7	-1.981	7	-1.981
1rv1_IMZ	2AA5_STR	141	4	-1.073	3	-1.029	2	-0.859
1rv1_IMZ	2AA6_STR	147	6	-1.412	5	-1.372	3	-1.124
1rv1_IMZ	2AA7_1CA	141	7	-2.086	6	-2.068	6	-2.068
1rv1_IMZ	2AB2_SNL	163	5	-1.123	4	-1.164	2	-0.852
1rv1_IMZ	2ABA_STR	55	5	-1.33	5	-1.33	4	-1.167
1rv1_IMZ	2ABI_1CA	141	7	-1.888	6	-1.835	4	-1.508
1rv1_IMZ	2ACE_ACH	91	4	-0.64	3	-0.616	2	-0.482
1rv1_IMZ	2ACK_EDR	89	4	-0.654	3	-0.657	1	-0.265
1rv1_IMZ	2ACL_REA	146	8	-2.117	7	-2.057	6	-1.903
1rv1_IMZ	2AEO_NCP	17	3	-0.884	3	-0.884	3	-0.884
1rv1_IMZ	2AM9_TES	144	8	-2.377	7	-2.362	7	-2.362
1rv1_IMZ	2AOT_2PM	84	5	-1.614	5	-1.614	5	-1.614
1rv1_IMZ	2AOU_CQA	104	8	-2.193	8	-2.193	7	-2.036
1rv1_IMZ	2AOW_THA	68	5	-1.286	5	-1.286	3	-0.947
1rv1_IMZ	2AQU_DR7	194	6	-1.003	4	-0.945	2	-0.613
1rv1_IMZ	2ARM_OIN	72	6	-1.248	6	-1.248	4	-1.009
1rv1_IMZ	2AVO_MK1	194	6	-1.164	5	-1.086	3	-0.834
1rv1_IMZ	2AVS_MK1	216	7	-1.325	7	-1.325	3	-0.895
1rv1_IMZ	2AVV_MK1	218	7	-1.318	5	-1.174	3	-0.882
1rv1_IMZ	2AW1_COX	89	5	-1.274	5	-1.274	4	-1.105
1rv1_IMZ	2AYL_FLP	121	7	-2.07	6	-2.054	6	-2.054
1rv1_IMZ	2B0Q_NMY	47	5	-0.716	3	-0.692	2	-0.552
1rv1_IMZ	2B17_DIF	87	6	-1.683	5	-1.647	5	-1.647
1rv1_IMZ	2B35_TCL	56	6	-1.444	6	-1.444	4	-1.161
1rv1_IMZ	2B60_RIT	190	4	-0.746	2	-0.605	2	-0.605
1rv1_IMZ	2B7Z_MK1	212	6	-1.131	4	-0.988	3	-0.887
1rv1_IMZ	2BFM_TOP	59	4	-1.256	4	-1.256	4	-1.256
1rv1_IMZ	2BJ4_OHT	139	8	-2.4	8	-2.4	7	-2.212
1rv1_IMZ	2BK4_RAS	75	7	-1.474	6	-1.547	5	-1.379
1rv1_IMZ	2BL9_CP6	93	5	-1.259	5	-1.259	3	-0.917
1rv1_IMZ	2BLA_CP6	80	5	-1.334	5	-1.334	4	-1.142
1rv1_IMZ	2BLN_FON	90	5	-1.051	4	-0.979	2	-0.707
1rv1_IMZ	2BNN_FCN	56	4	-0.957	4	-0.957	3	-0.797
1rv1_IMZ	2BPX_MK1	199	4	-0.836	3	-0.754	2	-0.627
1rv1_IMZ	2BXE_1FL	111	6	-1.633	6	-1.633	5	-1.532
1rv1_IMZ	2BXF_DZP	127	7	-1.907	6	-2.008	6	-2.008
1rv1_IMZ	2BXG_IBP	104	5	-1.373	5	-1.373	4	-1.265
1rv1_IMZ	2BXK_IMN	110	7	-2.218	7	-2.218	5	-1.865
1rv1_IMZ	2BXM_IMN	110	7	-2.03	6	-1.946	6	-1.946
1rv1_IMZ	2BXO_OPB	90	6	-1.962	6	-1.962	5	-1.771
1rv1_IMZ	2BXP_P1Z	102	8	-2.336	7	-2.241	6	-2.064
1rv1_IMZ	2BXQ_IMN	110	8	-2.402	8	-2.402	7	-2.259
1rv1_IMZ	2BXQ_P1Z	100	6	-1.825	5	-1.798	5	-1.798
1rv1_IMZ	2C3C_COM	84	5	-0.768	4	-0.858	2	-0.477
1rv1_IMZ	2C3D_COM	93	4	-0.772	3	-0.812	3	-0.812
1rv1_IMZ	2C72_RSA	74	7	-1.811	7	-1.811	6	-1.691
1rv1_IMZ	2C73_RSA	80	6	-1.565	5	-1.518	5	-1.518
1rv1_IMZ	2C75_RSA	76	9	-2.286	8	-2.359	8	-2.359
1rv1_IMZ	2C76_RSA	83	8	-1.876	7	-1.923	6	-1.743
1rv1_IMZ	2C7V_MTX	86	7	-1.344	7	-1.344	3	-0.718
1rv1_IMZ	2C8A_NCA	26	4	-0.625	3	-0.56	1	-0.304
1rv1_IMZ	2CEO_T44	57	5	-1.273	5	-1.273	4	-1.163
1rv1_IMZ	2CML_ZMR	56	4	-0.365	2	-0.26	0	0
1rv1_IMZ	2COI_GBN	100	5	-1.342	5	-1.342	4	-1.154
1rv1_IMZ	2COJ_GBN	109	5	-1.181	5	-1.181	4	-1.065
1rv1_IMZ	2D06_EST	110	6	-1.51	6	-1.51	5	-1.345
1rv1_IMZ	2DCF_ACA	64	7	-1.525	7	-1.525	3	-0.866
1rv1_IMZ	2DG3_RAP	82	7	-1.873	7	-1.873	6	-1.688
1rv1_IMZ	2DG4_RAP	77	7	-1.875	7	-1.875	6	-1.709
1rv1_IMZ	2DG9_RAP	82	7	-1.987	7	-1.987	6	-1.832
1rv1_IMZ	2DM6_IMN	99	5	-1.541	5	-1.541	3	-1.214
1rv1_IMZ	2DPZ_TYL	72	8	-2.078	7	-2.106	6	-1.965
1rv1_IMZ	2DQZ_HTQ	51	3	-0.666	2	-0.608	2	-0.608
1rv1_IMZ	2DRC_MTX	111	7	-2.017	7	-2.017	5	-1.684
1rv1_IMZ	2E5D_NCA	32	5	-0.323	2	-0.386	1	-0.227
1rv1_IMZ	2E91_ZOL	25	3	-0.809	2	-0.833	2	-0.833
1rv1_IMZ	2ECP_ACR	75	5	-1.268	5	-1.268	4	-1.085
1rv1_IMZ	2EJ3_GBN	78	6	-1.421	6	-1.421	4	-1.079
1rv1_IMZ	2EX6_AIC	62	6	-0.881	4	-0.761	2	-0.457
1rv1_IMZ	2EX9_PNV	71	5	-0.781	4	-0.725	2	-0.47
1rv1_IMZ	2F0Z_ZMR	87	5	-0.822	4	-0.836	2	-0.586
1rv1_IMZ	2F16_BO2	104	5	-1.286	4	-1.444	4	-1.444
1rv1_IMZ	2F38_15M	115	7	-1.739	7	-1.739	5	-1.395
1rv1_IMZ	2F6D_ACR	89	5	-0.632	2	-0.491	1	-0.293
1rv1_IMZ	2F80_017	214	5	-1.143	4	-1.081	3	-0.887
1rv1_IMZ	2F81_017	208	5	-0.976	3	-0.819	3	-0.819
1rv1_IMZ	2F89_210	35	4	-0.568	3	-0.516	1	-0.243
1rv1_IMZ	2F8C_ZOL	31	3	-0.556	3	-0.556	1	-0.311
1rv1_IMZ	2F8G_017	208	5	-0.974	4	-0.92	2	-0.64
1rv1_IMZ	2F8Z_ZOL	30	4	-0.455	2	-0.323	0	0
1rv1_IMZ	2F92_AHD	27	4	-0.563	3	-0.51	1	-0.268
1rv1_IMZ	2F94_BFQ	64	7	-1.258	5	-1.098	3	-0.806
1rv1_IMZ	2F9K_ZOL	30	4	-0.61	4	-0.61	1	-0.236
1rv1_IMZ	2FKE_FK5	82	7	-1.759	7	-1.759	6	-1.638
1rv1_IMZ	2FR3_REA	131	6	-1.488	5	-1.402	4	-1.278
1rv1_IMZ	2FR6_CTN	120	7	-1.335	6	-1.249	2	-0.567
1rv1_IMZ	2FSZ_OHT	145	9	-2.989	9	-2.989	8	-2.807
1rv1_IMZ	2FU8_MCO	52	4	-1.054	4	-1.054	3	-0.869
1rv1_IMZ	2FUM_MIX	138	6	-1.686	6	-1.686	6	-1.686
1rv1_IMZ	2FXD_DR7	186	6	-1.145	4	-1.007	2	-0.651
1rv1_IMZ	2FXE_DR7	194	6	-1.133	5	-1.06	3	-0.819
1rv1_IMZ	2G1A_5HG	59	6	-1.216	5	-1.13	3	-0.818
1rv1_IMZ	2G78_REA	128	6	-1.718	6	-1.718	4	-1.459
1rv1_IMZ	2GEH_NHY	46	4	-0.559	3	-0.59	1	-0.313
1rv1_IMZ	2GPU_OHT	148	7	-2.153	7	-2.153	6	-1.957
1rv1_IMZ	2GPV_OHT	168	8	-2.551	8	-2.551	8	-2.551
1rv1_IMZ	2GQG_1N1	125	7	-1.459	5	-1.378	4	-1.226
1rv1_IMZ	2GSS_EAA	72	9	-2.34	8	-2.433	6	-2.069
1rv1_IMZ	2GVC_MMZ	30	3	-0.726	3	-0.726	3	-0.726
1rv1_IMZ	2H3P_152	51	5	-0.907	4	-0.808	2	-0.505
1rv1_IMZ	2H3U_152	51	5	-0.885	4	-0.791	2	-0.474
1rv1_IMZ	2H42_VIA	146	7	-2.236	7	-2.236	6	-2.102
1rv1_IMZ	2H4J_NCA	48	6	-1.196	5	-1.132	5	-1.132
1rv1_IMZ	2H4N_AZM	54	4	-0.985	3	-0.936	3	-0.936
1rv1_IMZ	2H77_T3	143	10	-2.349	8	-2.242	6	-1.979
1rv1_IMZ	2H79_T3	146	7	-2.045	7	-2.045	5	-1.773
1rv1_IMZ	2HA2_SCK	93	5	-1.018	4	-0.966	4	-0.966
1rv1_IMZ	2HA4_ACH	43	3	-0.721	3	-0.721	2	-0.524
1rv1_IMZ	2HA6_SCK	104	7	-1.534	6	-1.472	5	-1.31
1rv1_IMZ	2HCJ_TAC	22	4	-0.767	3	-0.788	3	-0.788
1rv1_IMZ	2HDN_TAC	55	5	-0.987	4	-1.12	3	-0.939
1rv1_IMZ	2HJH_NCA	71	6	-1.505	6	-1.505	5	-1.336
1rv1_IMZ	2HKK_ALE	34	4	-0.813	4	-0.813	2	-0.514
1rv1_IMZ	2HND_NVP	113	7	-1.576	5	-1.434	3	-1.052
1rv1_IMZ	2HNY_NVP	113	6	-1.346	5	-1.279	4	-1.132
1rv1_IMZ	2HS1_017	199	5	-1.034	5	-1.034	3	-0.816
1rv1_IMZ	2HS2_017	190	4	-0.712	3	-0.641	2	-0.535
1rv1_IMZ	2HT7_G39	60	6	-0.759	3	-0.657	2	-0.494
1rv1_IMZ	2HT8_G39	69	5	-0.756	3	-0.746	2	-0.566
1rv1_IMZ	2HTQ_ZMR	60	6	-0.75	3	-0.645	2	-0.475
1rv1_IMZ	2HU0_G39	48	6	-0.602	3	-0.532	0	0
1rv1_IMZ	2HU4_G39	48	6	-0.798	5	-0.763	0	0
1rv1_IMZ	2HW2_RFP	154	8	-2.086	8	-2.086	5	-1.584
1rv1_IMZ	2HYY_STI	136	7	-2.082	7	-2.082	7	-2.082
1rv1_IMZ	2HZQ_STR	103	3	-0.928	3	-0.928	3	-0.928
1rv1_IMZ	2IDW_017	195	4	-0.987	4	-0.987	3	-0.873
1rv1_IMZ	2IEN_017	208	5	-1.061	4	-1.003	3	-0.901
1rv1_IMZ	2IEO_017	217	5	-1.034	3	-0.88	3	-0.88
1rv1_IMZ	2IJ7_TPF	128	8	-2.041	7	-2.1	6	-1.932
1rv1_IMZ	2INE_PAC	68	6	-0.894	4	-0.723	1	-0.235
1rv1_IMZ	2ISF_PAC	60	4	-0.668	4	-0.668	1	-0.221
1rv1_IMZ	2IT4_PPF	66	5	-0.87	3	-0.76	2	-0.586
1rv1_IMZ	2ITZ_IRE	125	6	-1.518	5	-1.449	4	-1.263
1rv1_IMZ	2IYF_ERY	114	8	-2.575	8	-2.575	8	-2.575
1rv1_IMZ	2J0D_ERY	115	7	-2.043	7	-2.043	5	-1.733
1rv1_IMZ	2J0H_ACH	18	2	-0.164	1	-0.134	0	0
1rv1_IMZ	2J1G_SC2	67	4	-0.585	3	-0.502	1	-0.223
1rv1_IMZ	2J2P_SC2	53	3	-0.497	2	-0.409	1	-0.25
1rv1_IMZ	2J58_SC2	21	2	-0.432	2	-0.432	1	-0.319
1rv1_IMZ	2J7X_EST	116	6	-2.038	6	-2.038	6	-2.038
1rv1_IMZ	2JAP_J01	100	9	-2.206	8	-2.113	8	-2.113
1rv1_IMZ	2JF9_OHT	157	9	-2.972	9	-2.972	9	-2.972
1rv1_IMZ	2JFA_RAL	144	8	-2.723	8	-2.723	8	-2.723
1rv1_IMZ	2JJP_KLN	106	8	-2.541	8	-2.541	7	-2.394
1rv1_IMZ	2JKJ_CLM	70	5	-1.251	5	-1.251	3	-0.972
1rv1_IMZ	2JKL_CLM	70	5	-1.263	5	-1.263	3	-0.949
1rv1_IMZ	2LBD_REA	142	9	-2.366	8	-2.464	7	-2.345
1rv1_IMZ	2NMW_ROC	203	6	-1.174	5	-1.101	3	-0.838
1rv1_IMZ	2NMY_ROC	207	8	-1.647	8	-1.647	4	-1.044
1rv1_IMZ	2NMZ_ROC	216	6	-1.035	5	-0.962	2	-0.522
1rv1_IMZ	2NNH_REA	111	7	-1.582	6	-1.512	4	-1.247
1rv1_IMZ	2NNI_MTK	146	6	-2.077	6	-2.077	6	-2.077
1rv1_IMZ	2NNK_ROC	207	6	-1.195	5	-1.115	2	-0.632
1rv1_IMZ	2NNP_ROC	192	6	-1.038	4	-0.993	3	-0.846
1rv1_IMZ	2NO0_GEO	81	7	-1.647	6	-1.553	4	-1.228
1rv1_IMZ	2NO6_ETV	88	6	-1.569	5	-1.489	4	-1.323
1rv1_IMZ	2NOA_3TC	85	8	-2.095	8	-2.095	5	-1.626
1rv1_IMZ	2NUV_2TN	34	4	-0.997	4	-0.997	4	-0.997
1rv1_IMZ	2O1O_RIS	35	5	-1.051	4	-1.023	2	-0.65
1rv1_IMZ	2O2S_TCL	116	5	-1.425	5	-1.425	4	-1.228
1rv1_IMZ	2O2Y_TCL	119	9	-2.526	9	-2.526	9	-2.526
1rv1_IMZ	2O4K_DR7	216	6	-1.053	4	-0.918	2	-0.593
1rv1_IMZ	2O4S_AB1	192	6	-1.311	5	-1.234	4	-1.04
1rv1_IMZ	2O5Y_STR	85	5	-0.986	3	-0.8	3	-0.8
1rv1_IMZ	2OAX_SNL	156	7	-2	6	-1.953	5	-1.804
1rv1_IMZ	2OCF_EST	110	6	-1.859	6	-1.859	4	-1.544
1rv1_IMZ	2OCU_TYL	55	7	-2.121	7	-2.121	7	-2.121
1rv1_IMZ	2OD9_NCA	44	5	-0.982	4	-0.891	2	-0.537
1rv1_IMZ	2OIP_MTX	125	8	-2.046	8	-2.046	5	-1.66
1rv1_IMZ	2OIQ_STI	141	8	-2.559	8	-2.559	8	-2.559
1rv1_IMZ	2OTF_2TN	45	6	-1.36	5	-1.282	4	-1.173
1rv1_IMZ	2OTH_IMN	63	5	-1.126	4	-1.057	4	-1.057
1rv1_IMZ	2OTV_NCA	71	5	-0.697	2	-0.491	2	-0.491
1rv1_IMZ	2OUB_2TN	42	5	-1.18	4	-1.097	3	-0.984
1rv1_IMZ	2OUZ_C3D	144	5	-1.539	5	-1.539	5	-1.539
1rv1_IMZ	2OWC_ACR	68	4	-0.822	2	-0.689	2	-0.689
1rv1_IMZ	2OWW_ACR	68	5	-0.766	2	-0.616	2	-0.616
1rv1_IMZ	2P7Z_OHT	148	7	-2.473	7	-2.473	7	-2.473
1rv1_IMZ	2PD3_TCL	84	6	-1.526	6	-1.526	5	-1.329
1rv1_IMZ	2PGR_DCF	96	5	-1.018	4	-1.044	3	-0.944
1rv1_IMZ	2PH9_GNT	77	5	-1.685	5	-1.685	5	-1.685
1rv1_IMZ	2PIV_T3	55	6	-1.43	5	-1.385	5	-1.385
1rv1_IMZ	2PIW_T3	70	5	-1.462	5	-1.462	3	-1.093
1rv1_IMZ	2PK4_ACA	26	3	-0.397	2	-0.424	1	-0.268
1rv1_IMZ	2PKK_2FA	104	5	-1.146	5	-1.146	2	-0.621
1rv1_IMZ	2PL0_STI	148	8	-2.594	8	-2.594	7	-2.455
1rv1_IMZ	2PNC_CLU	63	7	-1.435	7	-1.435	3	-0.809
1rv1_IMZ	2POU_I7A	92	5	-1.38	5	-1.38	5	-1.38
1rv1_IMZ	2PRG_BRL	131	9	-3.353	9	-3.353	8	-3.173
1rv1_IMZ	2PWS_IBP	45	5	-0.926	4	-0.926	2	-0.614
1rv1_IMZ	2PYM_1UN	214	4	-0.795	3	-0.805	3	-0.805
1rv1_IMZ	2PYN_1UN	214	6	-1.346	5	-1.329	5	-1.329
1rv1_IMZ	2Q3Y_1CA	144	7	-1.785	5	-1.659	4	-1.467
1rv1_IMZ	2Q58_ZOL	35	5	-0.714	3	-0.764	2	-0.599
1rv1_IMZ	2Q5K_AB1	190	6	-1.193	5	-1.125	3	-0.839
1rv1_IMZ	2Q63_1UN	214	6	-1.384	5	-1.302	4	-1.135
1rv1_IMZ	2Q64_1UN	214	5	-1.166	4	-1.105	3	-0.918
1rv1_IMZ	2Q6H_CXX	95	9	-2.622	9	-2.622	7	-2.293
1rv1_IMZ	2Q72_IXX	83	9	-2.536	9	-2.536	7	-2.228
1rv1_IMZ	2Q7I_TES	144	7	-2.032	6	-2.006	6	-2.006
1rv1_IMZ	2Q7J_TES	144	8	-2.35	7	-2.324	7	-2.324
1rv1_IMZ	2Q7K_TES	144	6	-1.618	5	-1.614	5	-1.614
1rv1_IMZ	2Q7L_TES	135	7	-2.142	6	-2.138	6	-2.138
1rv1_IMZ	2QAK_1UN	214	5	-1.15	4	-1.058	3	-0.868
1rv1_IMZ	2QB4_DSM	83	9	-2.658	9	-2.658	8	-2.502
1rv1_IMZ	2QDS_MCO	70	6	-1.689	6	-1.689	5	-1.519
1rv1_IMZ	2QEB_HSM	58	5	-1.195	5	-1.195	3	-0.958
1rv1_IMZ	2QEI_CXX	93	8	-2.207	7	-2.26	7	-2.26
1rv1_IMZ	2QHC_AB1	190	5	-0.948	3	-0.837	3	-0.837
1rv1_IMZ	2QHF_NCA	95	5	-0.834	3	-0.796	2	-0.6
1rv1_IMZ	2QIO_TCL	102	10	-2.528	10	-2.528	9	-2.335
1rv1_IMZ	2QIS_RIS	38	6	-1.137	6	-1.137	2	-0.507
1rv1_IMZ	2QJU_DSM	81	7	-1.714	6	-1.777	5	-1.606
1rv1_IMZ	2QK8_MTX	126	6	-1.901	6	-1.901	5	-1.737
1rv1_IMZ	2QM9_TDZ	133	9	-1.947	8	-1.917	7	-1.737
1rv1_IMZ	2QMJ_ACR	107	5	-0.655	2	-0.456	1	-0.274
1rv1_IMZ	2QMZ_LDP	52	6	-1.158	6	-1.158	2	-0.568
1rv1_IMZ	2QPU_QPS	60	7	-1.865	6	-1.767	6	-1.767
1rv1_IMZ	2QQG_NCA	44	5	-0.982	4	-0.891	2	-0.537
1rv1_IMZ	2QQT_AIN	27	5	-0.785	3	-0.65	1	-0.298
1rv1_IMZ	2QWH_G39	47	5	-0.364	3	-0.396	0	0
1rv1_IMZ	2QWK_G39	47	5	-0.241	2	-0.262	0	0
1rv1_IMZ	2QWX_ML1	108	5	-1.216	5	-1.216	4	-1.047
1rv1_IMZ	2QX4_ML1	99	4	-0.979	4	-0.979	3	-0.813
1rv1_IMZ	2QX6_ML1	91	5	-1.28	5	-1.28	5	-1.28
1rv1_IMZ	2QXS_RAL	144	8	-2.559	8	-2.559	7	-2.379
1rv1_IMZ	2R5P_MK1	203	6	-1.123	4	-0.956	2	-0.624
1rv1_IMZ	2R5Q_1UN	199	5	-0.903	3	-0.794	2	-0.609
1rv1_IMZ	2R6V_NCA	35	5	-0.844	5	-0.844	1	-0.239
1rv1_IMZ	2R9J_NCA	22	3	-0.874	3	-0.874	3	-0.874
1rv1_IMZ	2RIN_ACH	52	4	-0.561	4	-0.561	0	0
1rv1_IMZ	2RIW_T44	57	6	-1.623	6	-1.623	5	-1.494
1rv1_IMZ	2RK8_PPF	57	5	-0.527	3	-0.409	0	0
1rv1_IMZ	2RKF_AB1	206	4	-0.922	3	-0.828	2	-0.651
1rv1_IMZ	2RKG_AB1	206	4	-0.921	4	-0.921	2	-0.7
1rv1_IMZ	2ROX_T44	62	5	-1.068	5	-1.068	2	-0.643
1rv1_IMZ	2TDD_UFP	81	7	-1.352	6	-1.28	3	-0.84
1rv1_IMZ	2TOD_DMO	46	5	-0.801	5	-0.801	1	-0.212
1rv1_IMZ	2TRT_TAC	85	7	-2.336	7	-2.336	7	-2.336
1rv1_IMZ	2UUU_PL3	125	8	-1.811	6	-1.804	5	-1.616
1rv1_IMZ	2UUV_PL3	139	7	-1.98	6	-2.001	6	-2.001
1rv1_IMZ	2UXO_TAC	131	6	-1.696	6	-1.696	4	-1.347
1rv1_IMZ	2UXP_CLM	115	4	-1.128	4	-1.128	3	-0.931
1rv1_IMZ	2UY4_AZM	61	5	-0.615	3	-0.593	1	-0.236
1rv1_IMZ	2V0M_KLN	109	8	-1.968	8	-1.968	5	-1.561
1rv1_IMZ	2V0Z_C41	180	7	-2.097	7	-2.097	7	-2.097
1rv1_IMZ	2V34_CTN	61	7	-2.125	7	-2.125	6	-1.931
1rv1_IMZ	2V3D_NBV	90	6	-0.872	4	-0.851	2	-0.51
1rv1_IMZ	2V95_HCY	70	6	-1.696	6	-1.696	5	-1.522
1rv1_IMZ	2VDB_NPS	68	5	-1.881	5	-1.881	5	-1.881
1rv1_IMZ	2VDM_AGG	61	6	-0.783	5	-0.83	0	0
1rv1_IMZ	2VDY_HCY	61	6	-1.793	6	-1.793	4	-1.415
1rv1_IMZ	2VE3_REA	108	7	-1.866	7	-1.866	6	-1.681
1rv1_IMZ	2VFU_MTL	59	5	-0.82	4	-0.82	3	-0.655
1rv1_IMZ	2VIN_505	73	5	-0.987	4	-1	3	-0.878
1rv1_IMZ	2VKE_TAC	88	5	-1.676	5	-1.676	5	-1.676
1rv1_IMZ	2VN0_TDZ	103	7	-2.114	6	-2.042	6	-2.042
1rv1_IMZ	2VN1_FK5	113	7	-1.68	7	-1.68	4	-1.137
1rv1_IMZ	2VPP_GEO	87	7	-1.826	6	-1.729	5	-1.563
1rv1_IMZ	2VQ5_LDP	80	7	-1.817	7	-1.817	5	-1.425
1rv1_IMZ	2VQY_PAR	91	7	-1.8	6	-1.715	6	-1.715
1rv1_IMZ	2VRV_CL6	75	7	-1.882	7	-1.882	5	-1.568
1rv1_IMZ	2W26_RIV	108	8	-1.557	6	-1.442	4	-1.134
1rv1_IMZ	2W3A_TOP	94	6	-1.696	6	-1.696	6	-1.696
1rv1_IMZ	2W3V_TOP	89	5	-1.569	5	-1.569	5	-1.569
1rv1_IMZ	2W4X_STZ	85	5	-1.101	5	-1.101	3	-0.782
1rv1_IMZ	2W8Y_486	181	9	-2.624	7	-2.477	7	-2.477
1rv1_IMZ	2W8Y_NDR	133	7	-2.141	6	-2.111	6	-2.111
1rv1_IMZ	2W98_P1Z	116	8	-2.083	7	-2.091	7	-2.091
1rv1_IMZ	2W9G_TOP	98	6	-2.081	6	-2.081	6	-2.081
1rv1_IMZ	2W9H_TOP	98	6	-2.123	6	-2.123	6	-2.123
1rv1_IMZ	2W9S_TOP	92	5	-1.633	5	-1.633	5	-1.633
1rv1_IMZ	2WD9_IBP	108	5	-0.907	3	-0.871	2	-0.708
1rv1_IMZ	2WTA_VGL	58	6	-0.754	4	-0.648	0	0
1rv1_IMZ	2WUZ_TPF	97	7	-2.053	7	-2.053	7	-2.053
1rv1_IMZ	2WV2_TPF	115	6	-2.049	6	-2.049	6	-2.049
1rv1_IMZ	2WX2_TPF	106	7	-2.262	7	-2.262	7	-2.262
1rv1_IMZ	2Z54_AB1	190	4	-0.738	2	-0.639	2	-0.639
1rv1_IMZ	2Z71_PNV	67	5	-1.047	4	-1.091	3	-0.892
1rv1_IMZ	2Z77_NCA	88	7	-1.528	5	-1.439	4	-1.253
1rv1_IMZ	2ZB7_NCA	79	4	-1.254	4	-1.254	4	-1.254
1rv1_IMZ	2ZB8_IMN	121	8	-2.239	8	-2.239	7	-2.052
1rv1_IMZ	2ZD8_MER	82	5	-1.07	4	-1.033	3	-0.835
1rv1_IMZ	2ZI9_CL9	81	8	-1.89	7	-1.834	6	-1.647
1rv1_IMZ	2ZIA_CL9	104	7	-1.775	6	-1.707	6	-1.707
1rv1_IMZ	2ZJ0_2FA	102	4	-0.88	4	-0.88	2	-0.519
1rv1_IMZ	2ZM7_ACA	77	8	-1.835	8	-1.835	6	-1.523
1rv1_IMZ	2ZM8_ACA	75	7	-1.863	7	-1.863	6	-1.718
1rv1_IMZ	2ZM9_ACA	84	8	-2.103	8	-2.103	6	-1.724
1rv1_IMZ	2ZMA_ACA	84	6	-1.726	6	-1.726	5	-1.57
1rv1_IMZ	2ZQ0_ACR	97	8	-1.332	6	-1.153	2	-0.606
1rv1_IMZ	2ZQ9_CLS	23	4	-0.868	3	-0.781	3	-0.781
1rv1_IMZ	2ZQC_AZR	74	5	-0.778	3	-0.729	2	-0.573
1rv1_IMZ	2ZVA_1N1	123	7	-1.777	6	-1.751	5	-1.602
1rv1_IMZ	3A2Q_ACA	108	6	-0.872	5	-0.923	2	-0.504
1rv1_IMZ	3B2R_VDN	131	9	-2.472	8	-2.412	6	-2.184
1rv1_IMZ	3B6H_MXD	61	4	-1.495	4	-1.495	4	-1.495
1rv1_IMZ	3B7E_ZMR	50	6	-0.325	3	-0.399	0	0
1rv1_IMZ	3BBT_FMM	147	6	-1.622	6	-1.622	5	-1.484
1rv1_IMZ	3BC9_ACR	59	5	-1.529	4	-1.449	4	-1.449
1rv1_IMZ	3BFC_IM2	77	5	-0.692	4	-0.692	2	-0.454
1rv1_IMZ	3BFG_MER	74	5	-0.683	3	-0.618	1	-0.258
1rv1_IMZ	3BGD_PM6	64	7	-1.291	7	-1.291	2	-0.475
1rv1_IMZ	3BJM_BJM	77	4	-0.934	4	-0.934	3	-0.769
1rv1_IMZ	3BL1_BL1	88	5	-1.442	5	-1.442	4	-1.268
1rv1_IMZ	3BME_DX2	64	5	-1.079	5	-1.079	3	-0.798
1rv1_IMZ	3BMG_DX4	27	4	-0.82	4	-0.82	2	-0.539
1rv1_IMZ	3BU1_HSM	75	4	-1.069	4	-1.069	4	-1.069
1rv1_IMZ	3BUF_AEG	48	5	-0.984	4	-0.907	3	-0.766
1rv1_IMZ	3BUR_TES	88	5	-1.116	5	-1.116	3	-0.802
1rv1_IMZ	3BVB_017	214	6	-1.314	5	-1.253	4	-1.084
1rv1_IMZ	3C0Z_SHH	50	3	-0.417	2	-0.331	1	-0.215
1rv1_IMZ	3CAJ_EZL	62	6	-1.412	6	-1.412	4	-1.09
1rv1_IMZ	3CD2_MTX	128	7	-2.032	7	-2.032	6	-1.884
1rv1_IMZ	3CFQ_DIF	50	3	-0.838	3	-0.838	3	-0.838
1rv1_IMZ	3CKZ_ZMR	61	7	-0.739	4	-0.567	0	0
1rv1_IMZ	3CL0_G39	52	6	-0.743	4	-0.626	1	-0.211
1rv1_IMZ	3CL2_G39	46	5	-0.554	2	-0.406	2	-0.406
1rv1_IMZ	3CLA_CLM	66	6	-1.797	6	-1.797	5	-1.605
1rv1_IMZ	3COT_STR	87	7	-1.126	5	-1.06	3	-0.757
1rv1_IMZ	3CR4_PNT	23	4	-1.078	4	-1.078	4	-1.078
1rv1_IMZ	3CR5_PNT	17	2	-0.555	2	-0.555	2	-0.555
1rv1_IMZ	3CS8_BRL	114	10	-3.196	10	-3.196	9	-3.003
1rv1_IMZ	3CS9_NIL	154	8	-2.221	8	-2.221	6	-1.953
1rv1_IMZ	3CSJ_CBL	80	9	-2.09	8	-2.203	5	-1.669
1rv1_IMZ	3CWK_REA	124	8	-2.312	8	-2.312	6	-1.953
1rv1_IMZ	3CYW_017	208	5	-0.918	3	-0.846	3	-0.846
1rv1_IMZ	3CYX_ROC	216	6	-1.116	4	-0.96	2	-0.637
1rv1_IMZ	3CZV_AZM	73	6	-1.436	6	-1.436	5	-1.282
1rv1_IMZ	3D1X_ROC	199	5	-0.994	4	-0.925	2	-0.614
1rv1_IMZ	3D1Y_ROC	192	6	-1.203	5	-1.141	2	-0.662
1rv1_IMZ	3D1Z_017	208	5	-1.017	4	-0.98	3	-0.864
1rv1_IMZ	3D20_017	208	6	-1.207	5	-1.143	3	-0.857
1rv1_IMZ	3D2T_1FL	44	3	-0.69	3	-0.69	2	-0.516
1rv1_IMZ	3D41_FCN	76	5	-1.209	5	-1.209	3	-0.9
1rv1_IMZ	3D4S_TIM	95	5	-1.662	5	-1.662	5	-1.662
1rv1_IMZ	3D90_NOG	142	6	-1.815	5	-1.742	5	-1.742
1rv1_IMZ	3DAT_MTX	129	7	-2.229	7	-2.229	6	-2.065
1rv1_IMZ	3DAU_MTX	145	7	-2.207	7	-2.207	7	-2.207
1rv1_IMZ	3DAZ_MZM	62	6	-1.431	6	-1.431	3	-0.869
1rv1_IMZ	3DC3_AZM	53	6	-1.566	6	-1.566	4	-1.259
1rv1_IMZ	3DCS_MZM	62	6	-1.57	6	-1.57	4	-1.236
1rv1_IMZ	3DCW_EZL	71	6	-1.539	6	-1.539	5	-1.406
1rv1_IMZ	3DD0_EZL	71	6	-1.562	6	-1.562	5	-1.39
1rv1_IMZ	3DD1_CFF	34	6	-1.455	6	-1.455	5	-1.315
1rv1_IMZ	3DDS_CFF	34	6	-1.515	6	-1.515	5	-1.374
1rv1_IMZ	3DDW_CFF	34	5	-1.282	5	-1.282	4	-1.163
1rv1_IMZ	3DFR_MTX	124	9	-2.473	9	-2.473	9	-2.473
1rv1_IMZ	3DGQ_EAA	58	7	-1.75	6	-1.822	5	-1.643
1rv1_IMZ	3DJI_TYL	41	6	-1.668	6	-1.668	5	-1.471
1rv1_IMZ	3DRC_MTX	111	5	-1.456	5	-1.456	4	-1.291
1rv1_IMZ	3DZG_NCA	31	5	-0.633	3	-0.518	1	-0.257
1rv1_IMZ	3E4E_4PZ	38	4	-1.138	4	-1.138	3	-0.969
1rv1_IMZ	3EBZ_017	197	5	-0.953	3	-0.855	2	-0.675
1rv1_IMZ	3EIG_MTX	123	7	-1.663	7	-1.663	6	-1.545
1rv1_IMZ	3EKP_478	195	5	-1.184	5	-1.184	3	-0.916
1rv1_IMZ	3EKQ_ROC	170	4	-0.679	2	-0.526	1	-0.342
1rv1_IMZ	3EKT_017	188	5	-0.942	3	-0.802	2	-0.625
1rv1_IMZ	3EKV_478	199	5	-1.09	4	-1.026	3	-0.853
1rv1_IMZ	3EKW_DR7	199	4	-0.742	2	-0.581	2	-0.581
1rv1_IMZ	3EKX_1UN	190	5	-1.001	4	-0.919	2	-0.594
1rv1_IMZ	3EKY_DR7	194	6	-1.047	4	-0.932	2	-0.611
1rv1_IMZ	3EL0_1UN	179	5	-1.148	4	-1.071	4	-1.071
1rv1_IMZ	3EL1_DR7	190	5	-1.021	4	-0.948	2	-0.64
1rv1_IMZ	3EL4_ROC	189	5	-1.147	4	-1.078	3	-0.931
1rv1_IMZ	3EL5_1UN	196	4	-1.007	3	-0.913	3	-0.913
1rv1_IMZ	3EL9_DR7	182	6	-1.233	6	-1.233	3	-0.783
1rv1_IMZ	3EM3_478	197	5	-1.01	3	-0.88	3	-0.88
1rv1_IMZ	3EM4_DR7	197	7	-1.221	5	-1.08	2	-0.625
1rv1_IMZ	3EM6_017	197	6	-1.34	5	-1.312	4	-1.188
1rv1_IMZ	3EOR_CFV	71	5	-1.329	5	-1.329	4	-1.158
1rv1_IMZ	3ERD_DES	133	6	-1.96	6	-1.96	5	-1.791
1rv1_IMZ	3ERT_OHT	123	6	-1.77	6	-1.77	6	-1.77
1rv1_IMZ	3EZ3_ZOL	22	4	-0.628	2	-0.477	1	-0.301
1rv1_IMZ	3F33_PFL	36	4	-0.762	2	-0.834	2	-0.834
1rv1_IMZ	3F4X_KLT	86	5	-1.279	5	-1.279	3	-0.933
1rv1_IMZ	3F78_ICF	67	7	-2.073	7	-2.073	7	-2.073
1rv1_IMZ	3F8F_DM1	102	5	-1.626	5	-1.626	4	-1.478
1rv1_IMZ	3FAL_REA	130	7	-2.115	6	-2.102	6	-2.102
1rv1_IMZ	3FC6_REA	130	5	-1.339	4	-1.298	3	-1.153
1rv1_IMZ	3FL9_TOP	107	6	-2.074	6	-2.074	6	-2.074
1rv1_IMZ	3FO7_IMN	68	5	-1.12	5	-1.12	4	-0.948
1rv1_IMZ	3FRQ_ERY	153	9	-3.296	9	-3.296	9	-3.296
1rv1_IMZ	3FW1_STI	69	5	-1.042	5	-1.042	3	-0.722
1rv1_IMZ	3G0E_B49	117	7	-1.541	5	-1.39	5	-1.39
1rv1_IMZ	3G0F_B49	108	6	-1.327	4	-1.184	4	-1.184
1rv1_IMZ	3G1R_FIT	84	6	-1.125	4	-0.994	3	-0.85
1rv1_IMZ	3G5D_1N1	120	8	-2.237	8	-2.237	8	-2.237
1rv1_IMZ	3GCL_AIN	23	4	-0.864	4	-0.864	2	-0.519
1rv1_IMZ	3GCS_BAX	166	8	-2.18	7	-2.085	5	-1.756
1rv1_IMZ	3GEE_FON	49	6	-1.448	6	-1.448	4	-1.168
1rv1_IMZ	3GGT_017	208	6	-1.293	5	-1.233	4	-1.07
1rv1_IMZ	3GGU_017	196	5	-1.246	4	-1.168	3	-1.005
1rv1_IMZ	3GKZ_B40	52	4	-0.647	3	-0.623	1	-0.337
1rv1_IMZ	3GN8_DEX	138	9	-2.663	8	-2.691	7	-2.523
1rv1_IMZ	3GP0_NIL	175	6	-1.846	6	-1.846	5	-1.705
1rv1_IMZ	3GR6_TCL	102	7	-1.988	7	-1.988	7	-1.988
1rv1_IMZ	3GSS_EAA	48	6	-1.744	6	-1.744	5	-1.596
1rv1_IMZ	3GVU_STI	137	7	-2.298	7	-2.298	6	-2.175
1rv1_IMZ	3GWC_UFP	41	3	-0.712	3	-0.712	2	-0.57
1rv1_IMZ	3GWS_T3	155	7	-1.791	6	-1.705	4	-1.433
1rv1_IMZ	3GWU_SRE	84	9	-1.916	8	-2.001	5	-1.581
1rv1_IMZ	3GWV_RFX	95	12	-2.889	10	-2.731	8	-2.42
1rv1_IMZ	3GWW_SFX	95	8	-2.036	8	-2.036	6	-1.72
1rv1_IMZ	3H0A_9RA	134	7	-2.201	6	-2.106	6	-2.106
1rv1_IMZ	3H1X_IMN	68	4	-0.905	4	-0.905	3	-0.727
1rv1_IMZ	3H5G_LEI	47	3	-0.902	3	-0.902	2	-0.723
1rv1_IMZ	3H6T_CYZ	90	5	-1.35	5	-1.35	3	-1.023
1rv1_IMZ	3HAM_LLL	49	4	-0.88	3	-0.915	2	-0.759
1rv1_IMZ	3HAV_SRY	38	3	-0.676	3	-0.676	2	-0.559
1rv1_IMZ	3HCD_LT4	81	9	-1.643	9	-1.643	5	-1.073
1rv1_IMZ	3HEC_STI	130	9	-2.156	8	-2.064	5	-1.641
1rv1_IMZ	3HEG_BAX	155	8	-2.249	8	-2.249	7	-2.104
1rv1_IMZ	3HII_PNT	97	9	-1.987	9	-1.987	6	-1.502
1rv1_IMZ	3HJO_EAA	84	5	-1.5	5	-1.5	5	-1.5
1rv1_IMZ	3HKU_TOR	74	5	-1.321	5	-1.321	4	-1.156
1rv1_IMZ	3HLF_SIM	133	6	-1.404	5	-1.308	5	-1.308
1rv1_IMZ	3HLG_LVA	124	7	-1.535	6	-1.459	4	-1.079
1rv1_IMZ	3HP1_LLT	102	9	-1.899	8	-1.813	6	-1.484
1rv1_IMZ	3HVT_NVP	97	8	-2.066	8	-2.066	5	-1.568
1rv1_IMZ	3I3K_KLN	157	7	-2.59	7	-2.59	7	-2.59
1rv1_IMZ	3I9J_NCA	37	4	-0.729	4	-0.729	1	-0.247
1rv1_IMZ	3IA4_MTX	125	6	-1.713	6	-1.713	5	-1.546
1rv1_IMZ	3IAI_AZM	62	7	-1.026	5	-1.209	4	-1.051
1rv1_IMZ	3IAZ_AIN	12	2	-0.723	2	-0.723	2	-0.723
1rv1_IMZ	3IB0_DIF	31	5	-1.572	5	-1.572	5	-1.572
1rv1_IMZ	3IB1_IMN	33	4	-1.287	4	-1.287	4	-1.287
1rv1_IMZ	3IB2_IBP	45	4	-1.302	4	-1.302	4	-1.302
1rv1_IMZ	3IJX_HCZ	77	6	-1.623	6	-1.623	5	-1.484
1rv1_IMZ	3IK6_HCZ	66	5	-1.612	5	-1.612	5	-1.612
1rv1_IMZ	3ILT_TRU	90	6	-1.58	6	-1.58	4	-1.287
1rv1_IMZ	3ILU_HFZ	84	4	-1.186	4	-1.186	4	-1.186
1rv1_IMZ	3ITA_AIC	62	8	-1.967	8	-1.967	5	-1.476
1rv1_IMZ	3IVE_CTN	89	6	-1.117	6	-1.117	2	-0.561
1rv1_IMZ	3IW2_EKO	103	5	-1.771	5	-1.771	5	-1.771
1rv1_IMZ	3JWQ_VIA	135	9	-2.666	9	-2.666	6	-2.242
1rv1_IMZ	3JZ0_CLY	69	6	-1.368	5	-1.305	3	-0.947
1rv1_IMZ	3K2H_LYA	99	7	-1.782	7	-1.782	5	-1.44
1rv1_IMZ	3KHM_TPF	97	7	-2.249	7	-2.249	7	-2.249
1rv1_IMZ	3KIV_ACA	26	4	-0.316	2	-0.285	0	0
1rv1_IMZ	3LBD_REA	142	7	-1.695	5	-1.723	5	-1.723
1rv1_IMZ	3PAH_ALE	58	7	-2.009	7	-2.009	7	-2.009
1rv1_IMZ	3PGH_FLP	131	8	-2.423	7	-2.4	7	-2.4
1rv1_IMZ	3ZNC_BZ1	76	5	-1.347	5	-1.347	4	-1.217
1rv1_IMZ	3l2v_RLT	96	9	-2.179	8	-2.089	7	-1.901
1rv1_IMZ	3oya_RLT	87	8	-2.111	8	-2.111	6	-1.836
1rv1_IMZ	3q7d_NPX	113	8	-2.511	7	-2.43	7	-2.43
1rv1_IMZ	4CLA_CLM	64	6	-1.661	6	-1.661	4	-1.283
1rv1_IMZ	4COX_IMN	145	9	-2.882	9	-2.882	9	-2.882
1rv1_IMZ	4DFR_MTX	111	7	-2.033	7	-2.033	5	-1.641
1rv1_IMZ	5PAH_LDP	31	6	-1.433	5	-1.4	5	-1.4
1zuw_DGL	11GS_EAA	62	5	-0.878	3	-0.798	3	-0.798
1zuw_DGL	1A27_EST	116	8	-1.424	7	-1.591	6	-1.476
1zuw_DGL	1A28_STR	135	6	-1.168	5	-1.073	4	-0.955
1zuw_DGL	1A29_TFP	68	5	-0.488	3	-0.728	1	-0.357
1zuw_DGL	1A4G_ZMR	63	5	-0.556	3	-0.528	1	-0.242
1zuw_DGL	1A4L_DCF	86	7	-1.026	5	-0.973	2	-0.529
1zuw_DGL	1A52_EST	98	7	-0.694	5	-1.028	2	-0.5
1zuw_DGL	1ACJ_THA	78	7	-1.219	5	-1.113	4	-0.964
1zuw_DGL	1ACL_DME	71	6	-0.99	4	-0.848	2	-0.481
1zuw_DGL	1AFS_TES	54	7	-0.781	4	-0.548	0	0
1zuw_DGL	1AGM_ACR	89	7	-0.823	3	-0.685	1	-0.352
1zuw_DGL	1AJ0_SAN	33	5	-0.451	2	-0.477	1	-0.334
1zuw_DGL	1AJ6_NOV	79	8	-1.619	7	-1.705	5	-1.344
1zuw_DGL	1AQU_EST	94	7	-1.194	6	-1.134	2	-0.531
1zuw_DGL	1AVN_HSM	27	4	-0.183	2	-0.273	0	0
1zuw_DGL	1AX9_EDR	75	6	-0.868	3	-0.675	2	-0.493
1zuw_DGL	1AXW_MTX	101	5	-1.19	5	-1.19	3	-0.86
1zuw_DGL	1AZM_AZM	73	6	-0.34	2	-0.416	1	-0.307
1zuw_DGL	1B02_UFP	86	6	-1.418	6	-1.418	3	-1.006
1zuw_DGL	1BJG_UFP	82	9	-1.854	9	-1.854	5	-1.192
1zuw_DGL	1BKF_FK5	75	7	-0.966	5	-0.944	3	-0.672
1zuw_DGL	1BT5_IM2	81	5	-0.318	3	-0.629	1	-0.25
1zuw_DGL	1BZM_MZM	81	8	-0.507	3	-0.568	1	-0.208
1zuw_DGL	1C14_TCL	103	5	-1.098	5	-1.098	3	-0.78
1zuw_DGL	1C3S_SHH	63	6	-0.692	4	-0.685	1	-0.283
1zuw_DGL	1C6Y_MK1	173	8	-1.578	7	-1.52	3	-0.862
1zuw_DGL	1C6Z_ROC	178	8	-1.016	6	-1.234	3	-0.818
1zuw_DGL	1C8L_CFF	33	5	-0.728	3	-0.648	1	-0.341
1zuw_DGL	1C9H_RAP	67	8	-0.906	3	-0.755	3	-0.755
1zuw_DGL	1CBR_REA	136	5	-0.917	4	-0.842	2	-0.587
1zuw_DGL	1CBS_REA	119	7	-1.215	5	-1.132	4	-0.97
1zuw_DGL	1CEA_ACA	39	4	-0.235	1	-0.175	0	0
1zuw_DGL	1CEB_AMH	33	5	-0.136	1	-0.103	0	0
1zuw_DGL	1CET_CLQ	59	7	-1.233	5	-1.137	3	-0.801
1zuw_DGL	1CIL_ETS	78	8	-0.585	2	-0.464	1	-0.274
1zuw_DGL	1CLA_CLM	73	5	-0.902	4	-0.924	4	-0.924
1zuw_DGL	1CTR_TFP	69	5	-0.489	3	-0.675	3	-0.675
1zuw_DGL	1D1G_MTX	90	8	-1.107	5	-0.917	3	-0.634
1zuw_DGL	1D7O_TCL	70	8	-1.5	7	-1.428	4	-0.946
1zuw_DGL	1D8A_TCL	103	6	-1.26	6	-1.26	4	-0.986
1zuw_DGL	1DBB_STR	68	8	-0.954	5	-0.704	1	-0.206
1zuw_DGL	1DDR_MTX	109	7	-0.987	4	-0.93	3	-0.746
1zuw_DGL	1DDS_MTX	109	7	-1.046	4	-0.913	3	-0.718
1zuw_DGL	1DED_QPS	116	7	-1.108	5	-0.946	1	-0.272
1zuw_DGL	1DF7_MTX	132	8	-1.272	5	-1.127	2	-0.633
1zuw_DGL	1DG5_TOP	91	7	-1.359	6	-1.316	4	-1.061
1zuw_DGL	1DHI_MTX	108	7	-1.451	5	-1.384	5	-1.384
1zuw_DGL	1DHJ_MTX	114	7	-1.284	5	-1.252	4	-1.093
1zuw_DGL	1DIT_2PP	48	4	-0.359	2	-0.411	1	-0.287
1zuw_DGL	1DLS_MTX	123	7	-1.214	5	-1.038	4	-0.929
1zuw_DGL	1DMA_NCA	50	6	-0.435	2	-0.418	1	-0.267
1zuw_DGL	1DMY_AZM	81	6	-0.476	3	-0.448	0	0
1zuw_DGL	1DRA_MTX	103	8	-1.349	5	-1.277	4	-1.146
1zuw_DGL	1DRB_MTX	108	8	-1.628	6	-1.558	6	-1.558
1zuw_DGL	1DRE_MTX	111	7	-1.2	4	-1.105	3	-0.924
1zuw_DGL	1DTL_BEP	128	6	-0.409	3	-0.605	1	-0.269
1zuw_DGL	1DVT_FLP	80	5	-0.926	5	-0.926	1	-0.252
1zuw_DGL	1DVX_DIF	130	3	-0.661	3	-0.661	2	-0.491
1zuw_DGL	1DX6_GNT	96	7	-1.263	6	-1.237	5	-1.116
1zuw_DGL	1DY4_SNP	84	6	-0.52	2	-0.303	0	0
1zuw_DGL	1DYR_TOP	94	8	-1.478	6	-1.433	5	-1.258
1zuw_DGL	1E6V_COM	47	5	-0.812	4	-0.765	2	-0.518
1zuw_DGL	1E6W_EST	73	6	-1.275	5	-1.197	3	-0.815
1zuw_DGL	1E6Y_COM	47	5	-0.643	3	-0.546	1	-0.238
1zuw_DGL	1E7A_PFL	112	6	-0.738	4	-0.76	2	-0.465
1zuw_DGL	1E7B_HLT	43	3	-0.073	1	-0.175	0	0
1zuw_DGL	1E7C_HLT	42	4	-0.253	2	-0.424	2	-0.424
1zuw_DGL	1E7W_MTX	88	8	-2.053	8	-2.053	7	-1.937
1zuw_DGL	1EA1_TPF	82	6	-1.425	5	-1.383	5	-1.383
1zuw_DGL	1EI6_PPF	34	6	-0.999	5	-1.06	3	-0.784
1zuw_DGL	1EPB_REA	150	8	-0.896	6	-0.975	2	-0.421
1zuw_DGL	1EQG_IBP	109	6	-1.159	5	-1.112	2	-0.577
1zuw_DGL	1EQH_FLP	122	8	-1.464	6	-1.306	3	-0.796
1zuw_DGL	1ERR_RAL	130	7	-0.889	5	-1.078	2	-0.613
1zuw_DGL	1ESW_ACR	103	6	-0.954	4	-0.905	2	-0.586
1zuw_DGL	1ETA_T44	62	5	-0.926	4	-0.905	3	-0.733
1zuw_DGL	1ETB_T44	54	4	-0.71	3	-0.669	2	-0.515
1zuw_DGL	1EVE_E20	92	7	-1.177	5	-1.044	3	-0.724
1zuw_DGL	1F5L_AMR	70	7	-0.954	5	-0.956	2	-0.444
1zuw_DGL	1F86_T44	60	3	-0.638	3	-0.638	2	-0.489
1zuw_DGL	1FAP_RAP	108	6	-0.838	4	-0.772	1	-0.286
1zuw_DGL	1FB7_ROC	97	5	-0.917	4	-0.832	2	-0.551
1zuw_DGL	1FBY_REA	130	6	-1.038	5	-0.993	2	-0.596
1zuw_DGL	1FCM_CXU	103	7	-1.226	5	-1.25	4	-1.11
1zuw_DGL	1FCN_LOR	96	11	-1.883	9	-1.92	6	-1.446
1zuw_DGL	1FDS_EST	108	8	-1.332	6	-1.422	4	-1.048
1zuw_DGL	1FDT_EST	109	8	-1.398	6	-1.351	4	-0.983
1zuw_DGL	1FDU_EST	123	8	-1.774	7	-1.733	7	-1.733
1zuw_DGL	1FDW_EST	99	7	-1.016	5	-1.227	4	-1.071
1zuw_DGL	1FEM_REA	128	6	-0.908	3	-0.712	2	-0.563
1zuw_DGL	1FK9_EFZ	104	7	-0.907	4	-0.771	2	-0.488
1zuw_DGL	1FKB_RAP	74	7	-0.674	3	-0.573	1	-0.258
1zuw_DGL	1FKF_FK5	67	6	-0.5	3	-0.486	1	-0.268
1zuw_DGL	1FKJ_FK5	67	7	-0.773	4	-0.759	2	-0.533
1zuw_DGL	1FKL_RAP	74	8	-0.961	4	-0.85	3	-0.686
1zuw_DGL	1FKO_EFZ	115	5	-0.921	4	-0.86	3	-0.744
1zuw_DGL	1FKP_NVP	100	4	-0.451	2	-0.398	1	-0.276
1zuw_DGL	1FM6_BRL	132	8	-1.317	6	-1.161	3	-0.701
1zuw_DGL	1FM6_REA	136	6	-1.13	5	-1.143	3	-0.819
1zuw_DGL	1FM9_REA	122	6	-1.288	5	-1.25	5	-1.25
1zuw_DGL	1FR6_AZR	116	10	-2.043	9	-1.946	6	-1.525
1zuw_DGL	1FXH_PAC	63	6	-0.766	5	-0.745	0	0
1zuw_DGL	1FXV_PNN	75	6	-0.954	5	-0.94	2	-0.454
1zuw_DGL	1G50_EST	100	6	-0.397	4	-0.648	1	-0.237
1zuw_DGL	1G5Y_REA	87	5	-0.747	3	-0.739	2	-0.6
1zuw_DGL	1GAH_ACR	83	7	-0.631	3	-0.511	0	0
1zuw_DGL	1GFZ_CFF	33	5	-0.741	4	-0.75	1	-0.324
1zuw_DGL	1GM7_PNN	68	6	-0.901	5	-0.901	1	-0.23
1zuw_DGL	1GS4_ZK5	130	7	-1.221	5	-1.061	3	-0.71
1zuw_DGL	1GSE_EAA	92	5	-0.684	3	-0.672	2	-0.554
1zuw_DGL	1GSF_EAA	97	5	-0.722	2	-0.511	2	-0.511
1zuw_DGL	1GTB_PZQ	29	6	-0.326	2	-0.32	0	0
1zuw_DGL	1GWR_EST	98	6	-0.529	4	-0.834	2	-0.445
1zuw_DGL	1GX9_REA	90	6	-0.385	2	-0.487	2	-0.487
1zuw_DGL	1H5X_IM2	63	7	-1.108	5	-1.139	4	-1.023
1zuw_DGL	1H60_STR	71	6	-0.887	4	-0.704	1	-0.219
1zuw_DGL	1H7X_URF	70	5	-1.083	5	-1.083	4	-0.907
1zuw_DGL	1H8S_AIC	88	7	-0.499	3	-0.366	0	0
1zuw_DGL	1H8Y_MER	101	8	-1.285	5	-1.22	5	-1.22
1zuw_DGL	1HBN_COM	46	6	-0.853	4	-0.748	1	-0.282
1zuw_DGL	1HBO_COM	46	5	-0.634	3	-0.531	1	-0.26
1zuw_DGL	1HBU_COM	47	7	-0.91	4	-0.816	2	-0.526
1zuw_DGL	1HK1_T44	85	7	-0.601	3	-0.547	1	-0.254
1zuw_DGL	1HK2_T44	83	8	-0.614	4	-0.687	1	-0.206
1zuw_DGL	1HK3_T44	101	9	-1.141	5	-0.942	3	-0.67
1zuw_DGL	1HK4_T44	68	7	-0.595	2	-0.364	1	-0.246
1zuw_DGL	1HK5_T44	69	7	-0.733	2	-0.41	1	-0.258
1zuw_DGL	1HPV_478	182	5	-0.887	3	-0.748	3	-0.748
1zuw_DGL	1HSG_MK1	188	6	-0.687	3	-0.806	3	-0.806
1zuw_DGL	1HSH_MK1	188	6	-0.624	4	-0.846	2	-0.547
1zuw_DGL	1HW9_SIM	123	5	-1.218	4	-1.187	4	-1.187
1zuw_DGL	1HWI_115	111	7	-1.653	6	-1.612	5	-1.414
1zuw_DGL	1HWJ_116	117	7	-1.767	6	-1.716	6	-1.716
1zuw_DGL	1HWK_117	133	8	-1.987	7	-1.984	6	-1.786
1zuw_DGL	1HWL_FBI	125	7	-1.717	6	-1.686	6	-1.686
1zuw_DGL	1HXW_RIT	180	6	-1.166	5	-1.115	3	-0.798
1zuw_DGL	1I1E_DM2	71	5	-0.717	3	-0.65	2	-0.546
1zuw_DGL	1I2W_CFX	88	9	-1.606	8	-1.682	5	-1.233
1zuw_DGL	1I9J_TES	93	6	-0.956	3	-0.804	3	-0.804
1zuw_DGL	1IE4_T44	131	5	-0.955	4	-0.931	3	-0.748
1zuw_DGL	1IEP_STI	117	6	-0.857	4	-0.883	3	-0.756
1zuw_DGL	1IGJ_DGX	100	5	-0.971	4	-0.915	3	-0.769
1zuw_DGL	1IKE_HSM	49	5	-0.776	4	-0.71	2	-0.437
1zuw_DGL	1IOL_EST	107	7	-1.252	5	-1.246	4	-1.088
1zuw_DGL	1ISI_NCA	10	3	-0.234	0	0	0	0
1zuw_DGL	1ITU_CIL	72	8	-1.38	7	-1.319	2	-0.555
1zuw_DGL	1J36_LPR	83	5	-0.796	4	-0.727	1	-0.263
1zuw_DGL	1J37_MCO	43	6	-0.652	3	-0.506	1	-0.213
1zuw_DGL	1J3J_CP6	77	6	-1.077	4	-0.923	3	-0.729
1zuw_DGL	1J96_TES	64	5	-0.743	3	-0.718	2	-0.526
1zuw_DGL	1JB0_PQN	77	4	-0.595	3	-0.645	2	-0.469
1zuw_DGL	1JD0_AZM	81	9	-0.812	6	-0.935	0	0
1zuw_DGL	1JGL_EST	86	4	-0.442	2	-0.469	1	-0.306
1zuw_DGL	1JIN_KTN	114	9	-1.867	8	-1.797	5	-1.363
1zuw_DGL	1JIP_KTN	130	8	-1.707	7	-1.608	4	-1.135
1zuw_DGL	1JKH_EFZ	97	7	-0.764	3	-0.686	1	-0.323
1zuw_DGL	1JLF_NVP	95	5	-0.738	3	-0.648	2	-0.512
1zuw_DGL	1JQD_HSM	54	7	-1.057	6	-0.983	2	-0.433
1zuw_DGL	1JR1_MOA	89	8	-1.449	7	-1.357	3	-0.731
1zuw_DGL	1JS3_142	58	5	-0.841	4	-0.761	2	-0.483
1zuw_DGL	1JT1_MCO	54	6	-0.734	4	-0.776	2	-0.464
1zuw_DGL	1JTV_TES	101	6	-0.964	4	-1.038	4	-1.038
1zuw_DGL	1JU6_LYA	81	7	-1.227	5	-1.114	3	-0.798
1zuw_DGL	1JVJ_IM2	83	6	-0.979	5	-0.991	2	-0.457
1zuw_DGL	1JZS_MRC	128	9	-1.683	8	-1.653	3	-0.876
1zuw_DGL	1K1Y_ACR	65	6	-0.59	1	-0.249	1	-0.249
1zuw_DGL	1K5Q_PAC	84	4	-0.554	3	-0.579	1	-0.236
1zuw_DGL	1K6C_MK1	178	8	-1.228	6	-1.398	3	-0.912
1zuw_DGL	1K6R_MXL	95	7	-0.935	5	-1.073	3	-0.762
1zuw_DGL	1K74_REA	115	6	-1.254	5	-1.309	5	-1.309
1zuw_DGL	1KAR_HSM	48	6	-1.087	4	-1.048	3	-0.902
1zuw_DGL	1KI2_GA2	84	8	-0.973	5	-0.856	2	-0.474
1zuw_DGL	1KI3_PE2	99	8	-0.84	4	-0.683	0	0
1zuw_DGL	1KI7_ID2	88	8	-0.909	4	-0.802	2	-0.463
1zuw_DGL	1KIJ_NOV	116	9	-1.89	8	-1.876	6	-1.631
1zuw_DGL	1KL2_FON	113	7	-1.345	6	-1.316	3	-0.821
1zuw_DGL	1KLM_SPP	103	6	-0.622	3	-0.57	1	-0.272
1zuw_DGL	1KNY_KAN	23	5	-0.318	1	-0.279	1	-0.279
1zuw_DGL	1KVL_CLS	109	7	-1.502	7	-1.502	4	-1.041
1zuw_DGL	1KXH_ACR	80	7	-1.318	6	-1.294	3	-0.831
1zuw_DGL	1L5Q_CFF	42	5	-0.654	3	-0.593	1	-0.282
1zuw_DGL	1L7X_CFF	42	5	-0.716	3	-0.633	2	-0.507
1zuw_DGL	1L8T_KAN	51	7	-1.091	5	-1.112	3	-0.839
1zuw_DGL	1LBC_CYZ	90	8	-1.361	7	-1.458	4	-1.005
1zuw_DGL	1LF9_ACR	94	7	-0.713	5	-0.817	2	-0.452
1zuw_DGL	1LHU_EST	85	8	-0.713	4	-0.715	1	-0.208
1zuw_DGL	1LHV_NOG	105	5	-0.616	3	-0.697	2	-0.554
1zuw_DGL	1LIN_TFP	68	4	-0.354	2	-0.591	2	-0.591
1zuw_DGL	1LL5_IM2	95	7	-1.457	7	-1.457	4	-1.087
1zuw_DGL	1LQP_FCN	53	7	-0.339	2	-0.33	0	0
1zuw_DGL	1LW0_NVP	101	5	-0.729	3	-0.658	2	-0.488
1zuw_DGL	1LWC_NVP	101	5	-0.816	3	-0.732	3	-0.732
1zuw_DGL	1LWE_NVP	94	5	-0.744	2	-0.527	2	-0.527
1zuw_DGL	1LWF_NVP	102	5	-0.67	3	-0.708	2	-0.523
1zuw_DGL	1M17_AQ4	111	5	-0.769	3	-0.655	2	-0.475
1zuw_DGL	1M2W_MTL	46	6	-1.064	5	-0.992	2	-0.493
1zuw_DGL	1M2X_MCO	36	5	-0.539	2	-0.423	1	-0.226
1zuw_DGL	1M2Z_DEX	125	6	-0.905	5	-0.866	1	-0.224
1zuw_DGL	1M4D_TOY	58	6	-0.92	4	-0.736	2	-0.477
1zuw_DGL	1M4I_KAN	58	5	-0.836	3	-0.705	3	-0.705
1zuw_DGL	1M8D_CLW	35	4	-0.436	3	-0.566	2	-0.456
1zuw_DGL	1M9J_CLW	35	3	-0.244	2	-0.369	1	-0.222
1zuw_DGL	1MAA_DME	92	6	-1.254	5	-1.162	5	-1.162
1zuw_DGL	1ME7_MOA	74	6	-1.15	5	-1.068	3	-0.772
1zuw_DGL	1MEH_MOA	55	4	-0.717	3	-0.629	2	-0.48
1zuw_DGL	1MEI_MOA	71	6	-1.3	6	-1.3	4	-1.013
1zuw_DGL	1MRL_DOL	101	9	-1.664	6	-1.435	4	-1.167
1zuw_DGL	1MRO_COM	46	6	-0.852	4	-0.758	2	-0.476
1zuw_DGL	1MRQ_STR	78	6	-1.229	5	-1.213	4	-1.046
1zuw_DGL	1MUI_AB1	189	5	-0.966	4	-0.872	3	-0.703
1zuw_DGL	1MX1_THA	112	10	-1.812	8	-1.875	7	-1.745
1zuw_DGL	1MX5_HTQ	144	9	-1.774	7	-1.742	5	-1.397
1zuw_DGL	1MXD_ACR	59	7	-1.05	6	-1.2	3	-0.731
1zuw_DGL	1MXF_MTX	92	7	-1.427	6	-1.334	3	-0.874
1zuw_DGL	1MXG_ACR	59	5	-0.497	3	-0.584	2	-0.468
1zuw_DGL	1N49_RIT	197	6	-1.158	5	-1.185	4	-1.033
1zuw_DGL	1N4H_REA	114	7	-0.998	5	-0.923	2	-0.49
1zuw_DGL	1N5M_GMN	29	3	-0.438	3	-0.438	0	0
1zuw_DGL	1N5X_TEI	90	6	-0.869	4	-0.764	1	-0.298
1zuw_DGL	1ND4_KAN	33	4	-0.486	2	-0.363	1	-0.236
1zuw_DGL	1NDF_152	52	6	-1.163	6	-1.163	4	-0.939
1zuw_DGL	1NHG_TCL	108	5	-1.094	5	-1.094	4	-0.939
1zuw_DGL	1NHZ_486	135	9	-1.488	7	-1.3	4	-0.85
1zuw_DGL	1NKI_PPF	53	7	-0.238	1	-0.175	0	0
1zuw_DGL	1NNC_ZMR	55	6	-0.768	5	-0.758	1	-0.256
1zuw_DGL	1NP1_HSM	49	4	-0.646	3	-0.564	2	-0.442
1zuw_DGL	1NR6_DIF	74	6	-1.296	4	-1.152	4	-1.152
1zuw_DGL	1NX9_AIC	70	7	-0.983	6	-1.013	2	-0.422
1zuw_DGL	1O28_UFP	54	5	-0.512	3	-0.467	1	-0.237
1zuw_DGL	1O29_UFP	54	5	-0.371	2	-0.332	1	-0.209
1zuw_DGL	1O86_LPR	77	6	-0.827	4	-0.698	1	-0.2
1zuw_DGL	1OG5_SWF	94	7	-1.279	5	-1.225	4	-1.102
1zuw_DGL	1OHR_1UN	171	8	-1.505	6	-1.437	5	-1.325
1zuw_DGL	1OJU_NCA	69	5	-1.063	5	-1.063	3	-0.71
1zuw_DGL	1OPJ_STI	124	7	-0.83	3	-0.698	2	-0.542
1zuw_DGL	1OQ5_CEL	107	10	-1.11	4	-0.83	2	-0.539
1zuw_DGL	1OT7_IU5	100	6	-0.788	4	-0.758	1	-0.283
1zuw_DGL	1OXR_AIN	53	6	-0.612	3	-0.608	2	-0.477
1zuw_DGL	1P2Y_NCT	71	7	-1.487	6	-1.476	5	-1.35
1zuw_DGL	1P33_MTX	101	8	-2.026	8	-2.026	6	-1.727
1zuw_DGL	1P45_TCL	56	6	-1.081	4	-1.008	4	-1.008
1zuw_DGL	1P5Z_AR3	57	6	-0.891	4	-0.801	2	-0.539
1zuw_DGL	1P62_GEO	64	6	-0.928	4	-0.803	2	-0.547
1zuw_DGL	1P7R_NCT	79	7	-1.526	7	-1.526	5	-1.26
1zuw_DGL	1P93_DEX	125	6	-1.097	4	-1.011	3	-0.826
1zuw_DGL	1PB9_4AX	59	6	-0.797	3	-0.653	2	-0.497
1zuw_DGL	1PBC_BHA	80	6	-0.869	4	-0.749	1	-0.307
1zuw_DGL	1PBF_BHA	65	6	-0.834	4	-0.687	1	-0.266
1zuw_DGL	1PBK_RAP	82	8	-1.134	5	-1.068	3	-0.829
1zuw_DGL	1PCG_EST	98	6	-0.637	4	-0.876	2	-0.513
1zuw_DGL	1PHG_MYT	92	7	-1.792	7	-1.792	6	-1.62
1zuw_DGL	1PK9_2FA	73	7	-0.929	6	-1.145	2	-0.569
1zuw_DGL	1PNL_PAC	60	5	-0.838	3	-0.649	2	-0.497
1zuw_DGL	1PXX_DIF	100	6	-0.988	5	-0.919	1	-0.289
1zuw_DGL	1Q0Y_MOI	68	4	-0.279	1	-0.196	0	0
1zuw_DGL	1Q13_TES	45	6	-0.825	4	-0.865	2	-0.613
1zuw_DGL	1Q6I_FK5	82	8	-0.872	3	-0.782	3	-0.782
1zuw_DGL	1Q7A_OPB	80	7	-0.847	4	-0.708	2	-0.444
1zuw_DGL	1QD1_FON	164	8	-1.398	7	-1.303	2	-0.566
1zuw_DGL	1QFT_HSM	71	6	-0.652	5	-0.627	0	0
1zuw_DGL	1QFV_HSM	57	4	-0.754	4	-0.754	2	-0.456
1zuw_DGL	1QG6_TCL	95	6	-1.219	6	-1.219	3	-0.752
1zuw_DGL	1QHS_CLM	89	6	-0.753	3	-0.693	2	-0.542
1zuw_DGL	1QHY_CLM	81	7	-1.207	6	-1.29	3	-0.939
1zuw_DGL	1QKN_RAL	123	7	-0.946	5	-1.003	2	-0.472
1zuw_DGL	1QKT_EST	98	6	-0.446	4	-0.769	2	-0.416
1zuw_DGL	1QSG_TCL	101	8	-1.618	8	-1.618	4	-0.999
1zuw_DGL	1QTI_GNT	88	7	-1.124	6	-1.093	3	-0.673
1zuw_DGL	1QZR_CDX	66	4	-0.808	3	-0.722	2	-0.542
1zuw_DGL	1R15_NCA	35	7	-0.668	4	-0.56	0	0
1zuw_DGL	1R9O_FLP	95	6	-0.824	4	-0.927	3	-0.808
1zuw_DGL	1RA3_MTX	111	6	-0.963	3	-0.843	3	-0.843
1zuw_DGL	1RB3_MTX	105	7	-1.186	4	-1.108	4	-1.108
1zuw_DGL	1RG7_MTX	131	5	-0.628	2	-0.595	2	-0.595
1zuw_DGL	1RH3_MTX	111	7	-1.176	4	-1.056	3	-0.917
1zuw_DGL	1RJ6_AZM	70	6	-0.649	4	-0.809	2	-0.532
1zuw_DGL	1RKW_PNT	94	6	-0.952	5	-0.939	2	-0.442
1zuw_DGL	1RL8_RIT	196	7	-1.204	6	-1.183	3	-0.762
1zuw_DGL	1RQJ_RIS	53	6	-0.712	3	-0.564	1	-0.241
1zuw_DGL	1RV7_AB1	139	5	-0.715	3	-0.643	2	-0.456
1zuw_DGL	1RX3_MTX	111	8	-1.194	4	-1.023	2	-0.657
1zuw_DGL	1RXC_URF	61	6	-0.621	4	-0.698	2	-0.44
1zuw_DGL	1S14_NOV	72	7	-1.013	6	-1.012	1	-0.268
1zuw_DGL	1S19_MC9	141	6	-1.243	6	-1.243	2	-0.574
1zuw_DGL	1S1X_NVP	94	6	-0.767	3	-0.652	3	-0.652
1zuw_DGL	1S2A_IMN	87	7	-1.194	6	-1.161	3	-0.751
1zuw_DGL	1S2Q_RAS	69	5	-1.05	5	-1.05	3	-0.797
1zuw_DGL	1S5O_152	52	5	-0.828	4	-0.778	2	-0.507
1zuw_DGL	1S9P_DES	114	5	-0.699	3	-0.686	2	-0.525
1zuw_DGL	1S9Q_OHT	132	7	-1.243	5	-1.224	4	-1.03
1zuw_DGL	1SDT_MK1	188	6	-0.715	4	-0.914	3	-0.787
1zuw_DGL	1SDU_MK1	181	7	-0.81	3	-0.837	3	-0.837
1zuw_DGL	1SDV_MK1	182	6	-0.603	3	-0.746	2	-0.569
1zuw_DGL	1SGU_MK1	187	6	-1.079	4	-0.945	4	-0.945
1zuw_DGL	1SH9_RIT	187	7	-1.249	6	-1.278	5	-1.162
1zuw_DGL	1SKX_RFP	124	7	-1.014	4	-0.788	3	-0.688
1zuw_DGL	1SN0_T44	113	4	-0.702	3	-0.725	3	-0.725
1zuw_DGL	1SN5_T3	116	5	-1.057	4	-1.041	4	-1.041
1zuw_DGL	1SQN_NDR	125	6	-1.089	5	-1.037	3	-0.741
1zuw_DGL	1SV5_65B	100	5	-0.548	3	-0.602	1	-0.293
1zuw_DGL	1SV9_DIF	70	5	-0.534	3	-0.596	2	-0.478
1zuw_DGL	1SXK_BHA	18	2	-0.347	2	-0.347	0	0
1zuw_DGL	1T02_LVA	111	5	-0.762	3	-0.767	3	-0.767
1zuw_DGL	1T3R_017	187	7	-1.339	5	-1.23	5	-1.23
1zuw_DGL	1T46_STI	147	7	-1.09	5	-0.997	2	-0.59
1zuw_DGL	1T69_SHH	77	6	-1.214	6	-1.214	3	-0.762
1zuw_DGL	1T7I_017	183	6	-1.14	5	-1.129	3	-0.843
1zuw_DGL	1T7J_478	191	7	-1.525	6	-1.48	4	-1.146
1zuw_DGL	1T7O_152	52	6	-1.09	5	-1.043	3	-0.765
1zuw_DGL	1T7Q_152	52	7	-1.288	6	-1.205	4	-0.988
1zuw_DGL	1TBF_VIA	132	8	-1.222	5	-1.095	3	-0.773
1zuw_DGL	1TCO_FK5	139	9	-1.572	7	-1.411	3	-0.673
1zuw_DGL	1TDB_UFP	68	7	-1.355	7	-1.355	3	-0.716
1zuw_DGL	1TDR_MTX	103	7	-1.173	4	-1.116	4	-1.116
1zuw_DGL	1TGM_AIN	48	5	-0.465	3	-0.637	2	-0.485
1zuw_DGL	1TH6_OIN	65	7	-0.929	4	-0.769	3	-0.663
1zuw_DGL	1TLM_MIL	57	4	-0.709	4	-0.709	1	-0.218
1zuw_DGL	1TLS_UFP	88	8	-1.711	8	-1.711	4	-1.104
1zuw_DGL	1TNL_TPA	71	6	-1.047	5	-1.127	4	-0.952
1zuw_DGL	1TSN_UFP	93	7	-1.473	6	-1.404	4	-1.056
1zuw_DGL	1TT6_DES	51	4	-0.691	4	-0.691	1	-0.209
1zuw_DGL	1TUF_AZ1	63	5	-0.77	4	-0.757	2	-0.447
1zuw_DGL	1TYL_TYL	56	3	-0.467	3	-0.467	0	0
1zuw_DGL	1TYM_TYL	48	2	-0.367	2	-0.367	0	0
1zuw_DGL	1TYR_REA	65	3	-0.729	3	-0.729	2	-0.556
1zuw_DGL	1TZ8_DES	85	6	-0.857	6	-0.857	0	0
1zuw_DGL	1U18_HSM	48	3	-0.47	2	-0.428	1	-0.268
1zuw_DGL	1U70_MTX	119	6	-0.959	5	-0.946	3	-0.68
1zuw_DGL	1U72_MTX	121	8	-1.399	6	-1.295	3	-0.825
1zuw_DGL	1UAE_FCN	54	7	-0.768	4	-0.718	1	-0.222
1zuw_DGL	1UDT_VIA	123	7	-1.377	7	-1.377	3	-0.873
1zuw_DGL	1UDU_CIA	100	7	-1.113	5	-1.007	2	-0.587
1zuw_DGL	1UEJ_CTN	60	7	-0.923	4	-0.757	2	-0.438
1zuw_DGL	1UH5_TCL	108	8	-1.437	7	-1.365	4	-0.886
1zuw_DGL	1UHO_VDN	123	8	-1.331	6	-1.179	3	-0.734
1zuw_DGL	1ULV_ACR	85	7	-0.496	4	-0.545	0	0
1zuw_DGL	1UOB_PNN	105	8	-1.046	5	-0.839	1	-0.264
1zuw_DGL	1UOF_PNN	75	8	-1.208	6	-1.126	2	-0.531
1zuw_DGL	1UPF_URF	56	6	-0.916	4	-0.897	2	-0.515
1zuw_DGL	1USQ_CLM	63	4	-0.498	2	-0.598	2	-0.598
1zuw_DGL	1UV6_CCE	73	5	-0.822	3	-0.644	2	-0.487
1zuw_DGL	1UW6_NCT	73	4	-0.711	4	-0.711	2	-0.501
1zuw_DGL	1UWH_BAX	138	8	-1.061	4	-0.928	3	-0.828
1zuw_DGL	1UZE_EAL	69	6	-0.674	3	-0.559	1	-0.216
1zuw_DGL	1UZF_MCO	38	6	-0.498	3	-0.465	0	0
1zuw_DGL	1V3E_ZMR	56	6	-0.856	5	-0.887	1	-0.214
1zuw_DGL	1V3Q_2DI	108	8	-1.476	7	-1.47	4	-1.074
1zuw_DGL	1VM1_TAZ	18	5	-0.546	3	-0.422	0	0
1zuw_DGL	1VPO_TES	101	9	-0.941	4	-0.758	2	-0.452
1zuw_DGL	1VRQ_FON	93	7	-0.974	4	-0.929	4	-0.929
1zuw_DGL	1VRT_NVP	85	6	-0.778	3	-0.716	3	-0.716
1zuw_DGL	1VZC_UFP	85	8	-1.338	6	-1.244	3	-0.798
1zuw_DGL	1VZD_UFP	83	7	-1.492	6	-1.435	5	-1.255
1zuw_DGL	1W0F_STR	21	3	-0.324	2	-0.402	1	-0.278
1zuw_DGL	1W0G_MYT	54	7	-1.157	5	-1.301	5	-1.301
1zuw_DGL	1W3R_2MN	44	4	-0.906	4	-0.906	2	-0.549
1zuw_DGL	1W6R_GNT	102	5	-0.857	4	-0.808	3	-0.685
1zuw_DGL	1W76_GNT	87	6	-1.16	5	-1.126	3	-0.828
1zuw_DGL	1WRK_TFP	73	6	-0.594	4	-0.753	1	-0.257
1zuw_DGL	1WRL_TFP	72	5	-0.391	3	-0.576	1	-0.258
1zuw_DGL	1X70_715	68	7	-1.048	5	-1.105	3	-0.736
1zuw_DGL	1XBB_STI	105	5	-0.893	4	-0.868	2	-0.598
1zuw_DGL	1XDK_REA	136	7	-1.068	6	-0.993	1	-0.325
1zuw_DGL	1XIU_REA	138	8	-1.563	7	-1.525	3	-0.935
1zuw_DGL	1XKK_FMM	161	9	-1.458	6	-1.199	2	-0.564
1zuw_DGL	1XL8_152	51	5	-0.765	3	-0.61	2	-0.43
1zuw_DGL	1XLS_REA	138	6	-1.091	5	-1.024	1	-0.356
1zuw_DGL	1XOS_VIA	105	9	-1.523	7	-1.412	3	-0.706
1zuw_DGL	1XOT_VDN	122	10	-1.772	8	-1.692	5	-1.217
1zuw_DGL	1XOZ_CIA	103	5	-0.809	2	-0.574	2	-0.574
1zuw_DGL	1XP0_VDN	132	7	-1.495	6	-1.403	5	-1.277
1zuw_DGL	1XQL_4AX	41	6	-0.825	3	-0.589	2	-0.478
1zuw_DGL	1XZ1_HLT	37	4	-0.516	2	-0.502	2	-0.502
1zuw_DGL	1XZ3_ICF	39	4	-0.487	2	-0.477	1	-0.285
1zuw_DGL	1XZQ_FON	84	7	-0.859	5	-0.839	1	-0.301
1zuw_DGL	1XZX_T3	137	6	-1.081	5	-1.084	3	-0.819
1zuw_DGL	1Y9R_1CA	141	6	-0.812	4	-0.854	2	-0.519
1zuw_DGL	1YA3_STR	125	8	-1.196	7	-1.166	4	-0.838
1zuw_DGL	1YAT_FK5	67	6	-0.453	2	-0.427	1	-0.283
1zuw_DGL	1YC2_NCA	38	5	-0.754	3	-0.77	2	-0.575
1zuw_DGL	1YC5_NCA	48	4	-0.448	2	-0.586	2	-0.586
1zuw_DGL	1YDA_AZM	55	6	-0.513	2	-0.292	0	0
1zuw_DGL	1YDB_AZM	47	6	-0.117	0	0	0	0
1zuw_DGL	1YDD_AZM	47	7	-0.205	1	-0.14	0	0
1zuw_DGL	1YHL_RIS	52	6	-0.697	4	-0.618	0	0
1zuw_DGL	1YHM_AHD	43	5	-0.495	3	-0.403	0	0
1zuw_DGL	1YKI_NFZ	39	6	-0.698	4	-0.732	2	-0.457
1zuw_DGL	1YMX_CFX	91	9	-1.84	9	-1.84	6	-1.432
1zuw_DGL	1YQ7_RIS	51	6	-0.578	3	-0.477	1	-0.205
1zuw_DGL	1YV5_RIS	51	8	-0.786	4	-0.569	1	-0.231
1zuw_DGL	1YVM_TMG	36	6	-0.826	4	-0.772	2	-0.511
1zuw_DGL	1Z11_8MO	81	5	-1.174	5	-1.174	3	-0.871
1zuw_DGL	1Z35_2FA	80	8	-1.105	7	-1.339	2	-0.561
1zuw_DGL	1Z95_198	151	7	-1.06	5	-0.92	2	-0.463
1zuw_DGL	1Z9H_IMN	113	7	-1.776	7	-1.776	6	-1.603
1zuw_DGL	1Z9Y_FUN	115	8	-0.983	4	-1.005	3	-0.823
1zuw_DGL	1ZGF_TRU	83	7	-0.715	4	-0.762	2	-0.46
1zuw_DGL	1ZGY_BRL	132	8	-1.479	7	-1.4	3	-0.781
1zuw_DGL	1ZSB_AZM	54	6	-0.315	2	-0.34	1	-0.238
1zuw_DGL	1ZW5_ZOL	49	6	-0.608	4	-0.638	0	0
1zuw_DGL	1ZZ1_SHH	86	9	-1.461	8	-1.461	3	-0.712
1zuw_DGL	1ZZQ_MTL	55	8	-0.716	5	-0.946	1	-0.283
1zuw_DGL	1ZZU_MTL	55	6	-0.593	4	-0.781	2	-0.481
1zuw_DGL	2A15_NCA	71	6	-1.219	6	-1.219	3	-0.77
1zuw_DGL	2A1H_GBN	69	5	-0.746	4	-0.652	1	-0.222
1zuw_DGL	2A3A_TEP	70	6	-0.583	2	-0.406	1	-0.224
1zuw_DGL	2A3B_CFF	26	6	-0.437	2	-0.439	2	-0.439
1zuw_DGL	2A3C_PNX	82	7	-0.703	3	-0.541	1	-0.226
1zuw_DGL	2A3R_LDP	70	6	-0.849	3	-0.66	2	-0.502
1zuw_DGL	2A68_RBT	104	9	-1.516	7	-1.493	3	-0.842
1zuw_DGL	2A69_RPT	104	6	-0.963	4	-0.976	3	-0.782
1zuw_DGL	2A7Q_CFB	70	6	-0.75	3	-0.516	1	-0.27
1zuw_DGL	2AA5_STR	131	7	-1.002	5	-0.956	3	-0.665
1zuw_DGL	2AA6_STR	133	7	-1.047	5	-0.991	3	-0.622
1zuw_DGL	2AA7_1CA	131	6	-0.828	4	-0.775	2	-0.437
1zuw_DGL	2AB2_SNL	148	6	-0.909	4	-0.818	3	-0.683
1zuw_DGL	2ABA_STR	63	5	-0.767	4	-0.684	1	-0.248
1zuw_DGL	2ABI_1CA	131	7	-1.145	5	-1.09	3	-0.718
1zuw_DGL	2ACE_ACH	74	6	-0.885	4	-0.861	2	-0.496
1zuw_DGL	2ACK_EDR	73	7	-1.213	5	-1.083	3	-0.75
1zuw_DGL	2ACL_REA	128	6	-1.01	4	-0.952	3	-0.763
1zuw_DGL	2AEO_NCP	21	3	-0.667	3	-0.667	3	-0.667
1zuw_DGL	2AM9_TES	127	7	-0.769	4	-0.67	1	-0.219
1zuw_DGL	2AOT_2PM	76	8	-1.195	5	-0.984	3	-0.736
1zuw_DGL	2AOU_CQA	104	8	-1.391	7	-1.301	3	-0.807
1zuw_DGL	2AOW_THA	62	8	-1.291	6	-1.139	2	-0.597
1zuw_DGL	2AQU_DR7	181	7	-0.739	4	-0.962	3	-0.787
1zuw_DGL	2ARM_OIN	65	7	-0.929	3	-0.663	3	-0.663
1zuw_DGL	2AVO_MK1	181	7	-0.958	5	-1.146	4	-1.02
1zuw_DGL	2AVS_MK1	198	8	-1.083	6	-1.303	3	-0.849
1zuw_DGL	2AVV_MK1	198	7	-1.071	5	-1.091	3	-0.78
1zuw_DGL	2AW1_COX	86	9	-0.809	4	-0.814	3	-0.616
1zuw_DGL	2AYL_FLP	114	6	-1.161	5	-1.077	3	-0.809
1zuw_DGL	2B0Q_NMY	72	7	-1.225	6	-1.136	2	-0.565
1zuw_DGL	2B17_DIF	75	5	-0.39	1	-0.235	1	-0.235
1zuw_DGL	2B35_TCL	48	5	-0.583	3	-0.593	1	-0.301
1zuw_DGL	2B60_RIT	180	7	-0.967	4	-0.886	2	-0.514
1zuw_DGL	2B7Z_MK1	197	8	-0.741	4	-0.994	4	-0.994
1zuw_DGL	2BFM_TOP	55	6	-1.087	5	-1.029	2	-0.525
1zuw_DGL	2BJ4_OHT	123	6	-0.734	4	-0.874	3	-0.725
1zuw_DGL	2BK4_RAS	58	5	-0.845	4	-0.79	1	-0.307
1zuw_DGL	2BL9_CP6	86	7	-1.17	5	-1.047	4	-0.936
1zuw_DGL	2BLA_CP6	77	6	-1.052	4	-0.933	3	-0.738
1zuw_DGL	2BLN_FON	83	7	-1.342	5	-1.18	3	-0.887
1zuw_DGL	2BNN_FCN	50	5	-0.514	3	-0.448	0	0
1zuw_DGL	2BPX_MK1	188	6	-1.007	4	-0.904	3	-0.712
1zuw_DGL	2BXE_1FL	102	7	-0.973	4	-0.82	3	-0.681
1zuw_DGL	2BXF_DZP	118	7	-0.336	4	-0.706	2	-0.451
1zuw_DGL	2BXG_IBP	95	5	-0.711	3	-0.675	3	-0.675
1zuw_DGL	2BXK_IMN	99	8	-1.004	3	-0.709	3	-0.709
1zuw_DGL	2BXM_IMN	99	7	-0.722	3	-0.595	2	-0.495
1zuw_DGL	2BXO_OPB	70	4	-0.619	3	-0.584	2	-0.478
1zuw_DGL	2BXP_P1Z	84	6	-0.807	4	-0.693	2	-0.425
1zuw_DGL	2BXQ_IMN	98	7	-0.83	4	-0.682	1	-0.269
1zuw_DGL	2BXQ_P1Z	84	5	-0.601	3	-0.484	0	0
1zuw_DGL	2C3C_COM	68	5	-0.696	3	-0.746	3	-0.746
1zuw_DGL	2C3D_COM	76	5	-0.834	3	-0.782	3	-0.782
1zuw_DGL	2C72_RSA	64	5	-1.033	5	-1.033	2	-0.585
1zuw_DGL	2C73_RSA	65	5	-0.951	5	-0.951	2	-0.535
1zuw_DGL	2C75_RSA	64	5	-0.996	4	-0.932	3	-0.8
1zuw_DGL	2C76_RSA	71	5	-0.979	4	-0.911	3	-0.773
1zuw_DGL	2C7V_MTX	80	8	-1.797	7	-1.738	5	-1.372
1zuw_DGL	2C8A_NCA	31	5	-0.375	2	-0.336	1	-0.203
1zuw_DGL	2CEO_T44	65	4	-0.632	3	-0.553	2	-0.44
1zuw_DGL	2CML_ZMR	55	7	-0.911	5	-0.86	2	-0.454
1zuw_DGL	2COI_GBN	92	5	-0.979	4	-0.883	4	-0.883
1zuw_DGL	2COJ_GBN	100	5	-1.028	5	-1.028	3	-0.681
1zuw_DGL	2D06_EST	85	5	-0.928	5	-0.928	2	-0.425
1zuw_DGL	2DCF_ACA	63	7	-1.284	7	-1.284	2	-0.495
1zuw_DGL	2DG3_RAP	68	6	-0.463	1	-0.258	1	-0.258
1zuw_DGL	2DG4_RAP	61	6	-0.326	2	-0.425	1	-0.271
1zuw_DGL	2DG9_RAP	68	6	-0.376	1	-0.303	1	-0.303
1zuw_DGL	2DM6_IMN	88	8	-1.364	5	-1.331	4	-1.211
1zuw_DGL	2DPZ_TYL	65	6	-0.534	2	-0.466	2	-0.466
1zuw_DGL	2DQZ_HTQ	42	3	-0.358	2	-0.565	2	-0.565
1zuw_DGL	2DRC_MTX	103	9	-1.671	6	-1.535	6	-1.535
1zuw_DGL	2E5D_NCA	33	5	-0.816	4	-0.763	2	-0.421
1zuw_DGL	2E91_ZOL	42	5	-0.206	1	-0.156	0	0
1zuw_DGL	2ECP_ACR	75	8	-1.949	7	-1.853	6	-1.66
1zuw_DGL	2EJ3_GBN	78	8	-1.598	8	-1.598	5	-1.154
1zuw_DGL	2EX6_AIC	72	8	-0.872	5	-0.998	3	-0.691
1zuw_DGL	2EX9_PNV	79	6	-0.834	4	-0.817	1	-0.267
1zuw_DGL	2F0Z_ZMR	87	6	-0.623	4	-0.592	1	-0.205
1zuw_DGL	2F16_BO2	116	6	-1.303	5	-1.356	5	-1.356
1zuw_DGL	2F38_15M	111	5	-0.986	4	-0.907	4	-0.907
1zuw_DGL	2F6D_ACR	77	7	-0.883	4	-0.806	1	-0.33
1zuw_DGL	2F80_017	206	7	-1.435	6	-1.432	5	-1.233
1zuw_DGL	2F81_017	196	8	-1.493	6	-1.397	4	-1.099
1zuw_DGL	2F89_210	56	6	-0.442	2	-0.332	0	0
1zuw_DGL	2F8C_ZOL	54	6	-0.568	4	-0.626	0	0
1zuw_DGL	2F8G_017	196	6	-1.185	5	-1.134	4	-1.03
1zuw_DGL	2F8Z_ZOL	49	5	-0.378	3	-0.4	0	0
1zuw_DGL	2F92_AHD	43	5	-0.46	2	-0.327	1	-0.224
1zuw_DGL	2F94_BFQ	80	7	-0.734	4	-0.653	1	-0.228
1zuw_DGL	2F9K_ZOL	49	4	-0.383	2	-0.331	1	-0.21
1zuw_DGL	2FKE_FK5	67	6	-0.498	2	-0.38	1	-0.247
1zuw_DGL	2FR3_REA	119	7	-1.394	5	-1.244	4	-1.046
1zuw_DGL	2FR6_CTN	111	8	-1.595	7	-1.582	4	-1.012
1zuw_DGL	2FSZ_OHT	125	6	-0.723	4	-0.812	2	-0.463
1zuw_DGL	2FU8_MCO	49	7	-1.205	6	-1.282	3	-0.784
1zuw_DGL	2FUM_MIX	129	8	-1.164	5	-1.14	4	-1.04
1zuw_DGL	2FXD_DR7	168	7	-1.111	5	-1.141	4	-1.013
1zuw_DGL	2FXE_DR7	181	7	-0.851	5	-1.077	3	-0.778
1zuw_DGL	2G1A_5HG	78	6	-1.047	6	-1.047	1	-0.308
1zuw_DGL	2G78_REA	113	7	-1.253	5	-1.219	5	-1.219
1zuw_DGL	2GEH_NHY	47	6	-0.197	1	-0.285	1	-0.285
1zuw_DGL	2GPU_OHT	131	8	-1.464	6	-1.433	5	-1.253
1zuw_DGL	2GPV_OHT	148	7	-1.21	5	-1.151	4	-1.001
1zuw_DGL	2GQG_1N1	107	6	-0.92	4	-0.897	2	-0.522
1zuw_DGL	2GSS_EAA	63	6	-0.929	3	-0.763	2	-0.577
1zuw_DGL	2GVC_MMZ	40	3	-0.31	1	-0.259	1	-0.259
1zuw_DGL	2H3P_152	52	7	-1.167	6	-1.114	2	-0.536
1zuw_DGL	2H3U_152	52	7	-1.12	4	-0.89	2	-0.548
1zuw_DGL	2H42_VIA	138	9	-1.673	9	-1.673	3	-0.783
1zuw_DGL	2H4J_NCA	48	5	-0.723	3	-0.816	2	-0.654
1zuw_DGL	2H4N_AZM	59	6	-0.282	2	-0.288	0	0
1zuw_DGL	2H77_T3	123	8	-1.418	6	-1.345	4	-1.083
1zuw_DGL	2H79_T3	129	7	-1.166	5	-1.091	3	-0.851
1zuw_DGL	2HA2_SCK	85	7	-1.237	5	-1.102	3	-0.767
1zuw_DGL	2HA4_ACH	38	4	-0.372	2	-0.262	0	0
1zuw_DGL	2HA6_SCK	94	8	-1.043	4	-0.734	2	-0.529
1zuw_DGL	2HCJ_TAC	29	5	-0.766	3	-0.764	2	-0.593
1zuw_DGL	2HDN_TAC	65	7	-1.278	6	-1.423	5	-1.257
1zuw_DGL	2HJH_NCA	59	5	-1.247	3	-1.13	3	-1.13
1zuw_DGL	2HKK_ALE	42	6	-0.537	3	-0.508	1	-0.272
1zuw_DGL	2HND_NVP	102	7	-1.086	4	-1.048	4	-1.048
1zuw_DGL	2HNY_NVP	101	6	-0.976	4	-0.881	4	-0.881
1zuw_DGL	2HS1_017	188	8	-1.447	5	-1.225	4	-1.026
1zuw_DGL	2HS2_017	180	6	-1.034	4	-0.923	3	-0.816
1zuw_DGL	2HT7_G39	56	5	-0.537	2	-0.359	1	-0.226
1zuw_DGL	2HT8_G39	64	6	-0.84	3	-0.671	2	-0.493
1zuw_DGL	2HTQ_ZMR	56	7	-0.831	4	-0.722	1	-0.271
1zuw_DGL	2HU0_G39	52	5	-0.387	3	-0.373	0	0
1zuw_DGL	2HU4_G39	52	5	-0.557	2	-0.368	1	-0.204
1zuw_DGL	2HW2_RFP	143	7	-1.086	4	-1.019	3	-0.826
1zuw_DGL	2HYY_STI	117	6	-1.016	4	-0.995	3	-0.88
1zuw_DGL	2HZQ_STR	99	6	-0.703	3	-0.587	1	-0.226
1zuw_DGL	2IDW_017	186	4	-0.977	4	-0.977	3	-0.864
1zuw_DGL	2IEN_017	196	7	-1.377	5	-1.24	4	-1.122
1zuw_DGL	2IEO_017	204	7	-1.293	4	-1.11	4	-1.11
1zuw_DGL	2IJ7_TPF	122	9	-1.82	6	-1.595	6	-1.595
1zuw_DGL	2INE_PAC	51	6	-0.817	4	-0.672	1	-0.215
1zuw_DGL	2ISF_PAC	49	6	-0.756	4	-0.639	1	-0.202
1zuw_DGL	2IT4_PPF	64	5	-0.298	2	-0.469	1	-0.342
1zuw_DGL	2ITZ_IRE	120	6	-0.933	5	-0.93	3	-0.699
1zuw_DGL	2IYF_ERY	108	8	-1.61	6	-1.538	6	-1.538
1zuw_DGL	2J0D_ERY	94	8	-1.456	5	-1.332	4	-1.138
1zuw_DGL	2J0H_ACH	18	2	-0.256	1	-0.253	1	-0.253
1zuw_DGL	2J1G_SC2	71	5	-0.705	3	-0.572	2	-0.452
1zuw_DGL	2J2P_SC2	54	6	-0.963	4	-0.843	3	-0.673
1zuw_DGL	2J58_SC2	22	3	-0.704	3	-0.704	2	-0.545
1zuw_DGL	2J7X_EST	100	7	-0.774	5	-1.019	3	-0.711
1zuw_DGL	2JAP_J01	103	8	-1.651	7	-1.649	5	-1.286
1zuw_DGL	2JF9_OHT	139	7	-1.089	5	-1.105	4	-0.938
1zuw_DGL	2JFA_RAL	130	7	-0.763	5	-1.069	3	-0.741
1zuw_DGL	2JJP_KLN	105	8	-1.639	5	-1.534	5	-1.534
1zuw_DGL	2JKJ_CLM	63	6	-0.843	4	-0.906	4	-0.906
1zuw_DGL	2JKL_CLM	63	5	-0.603	3	-0.701	3	-0.701
1zuw_DGL	2LBD_REA	116	6	-0.829	5	-0.897	3	-0.658
1zuw_DGL	2NMW_ROC	189	8	-1.383	5	-1.519	4	-1.334
1zuw_DGL	2NMY_ROC	190	7	-1.052	5	-1.275	4	-1.149
1zuw_DGL	2NMZ_ROC	198	6	-0.792	4	-1.013	3	-0.886
1zuw_DGL	2NNH_REA	113	10	-2.303	8	-2.227	7	-2.088
1zuw_DGL	2NNI_MTK	159	6	-1.297	4	-1.203	4	-1.203
1zuw_DGL	2NNK_ROC	190	7	-0.991	4	-1.102	4	-1.102
1zuw_DGL	2NNP_ROC	179	8	-1.041	4	-1.219	4	-1.219
1zuw_DGL	2NO0_GEO	65	7	-1.074	3	-0.776	3	-0.776
1zuw_DGL	2NO6_ETV	72	7	-0.892	3	-0.58	2	-0.468
1zuw_DGL	2NOA_3TC	66	7	-0.969	4	-0.721	2	-0.496
1zuw_DGL	2NUV_2TN	32	6	-1.072	4	-1.076	4	-1.076
1zuw_DGL	2O1O_RIS	53	7	-0.837	3	-0.539	0	0
1zuw_DGL	2O2S_TCL	108	7	-1.482	7	-1.482	5	-1.132
1zuw_DGL	2O2Y_TCL	114	7	-1.449	7	-1.449	5	-1.093
1zuw_DGL	2O4K_DR7	198	6	-0.666	3	-0.817	3	-0.817
1zuw_DGL	2O4S_AB1	181	6	-1.291	5	-1.228	4	-1.047
1zuw_DGL	2O5Y_STR	82	5	-0.551	3	-0.56	1	-0.218
1zuw_DGL	2OAX_SNL	141	6	-0.942	4	-0.893	2	-0.504
1zuw_DGL	2OCF_EST	98	6	-0.535	4	-0.879	3	-0.702
1zuw_DGL	2OCU_TYL	53	5	-1.093	4	-1.072	3	-0.874
1zuw_DGL	2OD9_NCA	35	6	-0.751	4	-1.006	3	-0.821
1zuw_DGL	2OIP_MTX	117	7	-1.088	4	-0.945	3	-0.759
1zuw_DGL	2OIQ_STI	124	5	-0.664	3	-0.646	2	-0.543
1zuw_DGL	2OTF_2TN	41	5	-0.63	3	-0.537	1	-0.306
1zuw_DGL	2OTH_IMN	57	8	-0.959	4	-0.809	2	-0.448
1zuw_DGL	2OTV_NCA	69	5	-0.786	4	-0.859	3	-0.728
1zuw_DGL	2OUB_2TN	35	7	-0.834	4	-0.833	2	-0.499
1zuw_DGL	2OUZ_C3D	130	7	-0.897	5	-1.147	5	-1.147
1zuw_DGL	2OWC_ACR	85	8	-1.267	5	-1.05	2	-0.582
1zuw_DGL	2OWW_ACR	85	9	-1.78	7	-1.642	3	-0.95
1zuw_DGL	2P7Z_OHT	131	7	-1.197	5	-1.148	3	-0.799
1zuw_DGL	2PD3_TCL	77	7	-1.587	7	-1.587	5	-1.236
1zuw_DGL	2PGR_DCF	88	7	-1.493	6	-1.472	4	-1.178
1zuw_DGL	2PH9_GNT	89	5	-0.842	5	-0.842	1	-0.257
1zuw_DGL	2PIV_T3	55	7	-1.009	3	-0.953	3	-0.953
1zuw_DGL	2PIW_T3	64	5	-0.857	5	-0.857	2	-0.501
1zuw_DGL	2PK4_ACA	20	4	-0.177	2	-0.326	0	0
1zuw_DGL	2PKK_2FA	106	6	-1.043	5	-1.154	4	-0.984
1zuw_DGL	2PL0_STI	131	5	-0.525	2	-0.427	1	-0.298
1zuw_DGL	2PNC_CLU	56	7	-0.919	4	-0.662	0	0
1zuw_DGL	2POU_I7A	92	6	-0.471	3	-0.562	2	-0.416
1zuw_DGL	2PRG_BRL	118	7	-1.309	6	-1.241	3	-0.755
1zuw_DGL	2PWS_IBP	41	6	-0.348	3	-0.661	2	-0.498
1zuw_DGL	2PYM_1UN	206	5	-1.046	4	-1.05	4	-1.05
1zuw_DGL	2PYN_1UN	206	4	-0.702	3	-0.702	1	-0.312
1zuw_DGL	2Q3Y_1CA	127	6	-0.997	5	-0.976	2	-0.484
1zuw_DGL	2Q58_ZOL	52	6	-0.631	3	-0.534	1	-0.224
1zuw_DGL	2Q5K_AB1	180	6	-0.938	3	-0.729	2	-0.563
1zuw_DGL	2Q63_1UN	206	5	-1.047	4	-0.996	3	-0.811
1zuw_DGL	2Q64_1UN	206	7	-1.646	6	-1.602	6	-1.602
1zuw_DGL	2Q6H_CXX	89	7	-1.238	5	-1.167	3	-0.854
1zuw_DGL	2Q72_IXX	75	7	-1.176	5	-1.178	3	-0.825
1zuw_DGL	2Q7I_TES	127	6	-0.744	3	-0.581	1	-0.226
1zuw_DGL	2Q7J_TES	127	5	-0.583	3	-0.525	1	-0.213
1zuw_DGL	2Q7K_TES	127	8	-1.082	6	-1.007	1	-0.226
1zuw_DGL	2Q7L_TES	119	6	-0.785	4	-0.762	1	-0.218
1zuw_DGL	2QAK_1UN	206	7	-1.337	6	-1.296	5	-1.19
1zuw_DGL	2QB4_DSM	75	7	-1.191	5	-1.191	5	-1.191
1zuw_DGL	2QDS_MCO	65	8	-0.906	5	-0.936	2	-0.491
1zuw_DGL	2QEB_HSM	53	7	-0.765	4	-0.724	2	-0.44
1zuw_DGL	2QEI_CXX	88	7	-1.042	4	-0.957	3	-0.828
1zuw_DGL	2QHC_AB1	180	6	-1.038	3	-0.868	3	-0.868
1zuw_DGL	2QHF_NCA	89	8	-0.86	4	-0.82	1	-0.375
1zuw_DGL	2QIO_TCL	93	7	-1.201	6	-1.122	2	-0.497
1zuw_DGL	2QIS_RIS	51	7	-0.645	2	-0.317	1	-0.21
1zuw_DGL	2QJU_DSM	73	8	-1.181	6	-1.192	3	-0.746
1zuw_DGL	2QK8_MTX	113	6	-0.789	3	-0.758	2	-0.571
1zuw_DGL	2QM9_TDZ	130	8	-1.205	5	-1.058	4	-0.887
1zuw_DGL	2QMJ_ACR	105	8	-0.907	5	-0.797	1	-0.212
1zuw_DGL	2QMZ_LDP	47	6	-1.019	4	-0.965	3	-0.852
1zuw_DGL	2QPU_QPS	62	9	-0.885	4	-0.796	3	-0.651
1zuw_DGL	2QQG_NCA	35	6	-0.751	4	-1.006	3	-0.821
1zuw_DGL	2QQT_AIN	25	6	-0.554	3	-0.463	0	0
1zuw_DGL	2QWH_G39	47	6	-0.852	5	-0.849	2	-0.492
1zuw_DGL	2QWK_G39	47	6	-0.649	3	-0.491	1	-0.253
1zuw_DGL	2QWX_ML1	95	8	-1.476	6	-1.495	4	-1.254
1zuw_DGL	2QX4_ML1	87	7	-1.109	4	-1.039	3	-0.929
1zuw_DGL	2QX6_ML1	73	6	-1.136	4	-1.024	3	-0.92
1zuw_DGL	2QXS_RAL	130	8	-1.046	6	-1.307	3	-0.787
1zuw_DGL	2R5P_MK1	188	7	-0.689	5	-0.92	3	-0.663
1zuw_DGL	2R5Q_1UN	187	8	-1.407	6	-1.323	5	-1.215
1zuw_DGL	2R6V_NCA	28	5	-0.329	1	-0.225	1	-0.225
1zuw_DGL	2R9J_NCA	18	3	-0.341	1	-0.342	1	-0.342
1zuw_DGL	2RIN_ACH	59	6	-0.938	5	-0.861	1	-0.261
1zuw_DGL	2RIW_T44	65	5	-0.754	5	-0.754	0	0
1zuw_DGL	2RK8_PPF	46	7	-0.321	3	-0.43	0	0
1zuw_DGL	2RKF_AB1	195	5	-0.931	5	-0.931	2	-0.514
1zuw_DGL	2RKG_AB1	195	7	-1.252	6	-1.227	3	-0.749
1zuw_DGL	2ROX_T44	62	4	-0.586	3	-0.556	2	-0.451
1zuw_DGL	2TDD_UFP	84	7	-1.594	7	-1.594	5	-1.26
1zuw_DGL	2TOD_DMO	47	5	-1.028	5	-1.028	3	-0.731
1zuw_DGL	2TRT_TAC	94	7	-1.376	6	-1.444	5	-1.267
1zuw_DGL	2UUU_PL3	106	6	-0.906	4	-0.895	3	-0.767
1zuw_DGL	2UUV_PL3	122	9	-1.366	6	-1.26	4	-1.021
1zuw_DGL	2UXO_TAC	121	7	-1.193	5	-1.272	4	-1.111
1zuw_DGL	2UXP_CLM	105	7	-1	3	-0.891	3	-0.891
1zuw_DGL	2UY4_AZM	66	5	-0.739	4	-0.708	2	-0.499
1zuw_DGL	2V0M_KLN	92	8	-1.479	6	-1.496	5	-1.393
1zuw_DGL	2V0Z_C41	180	8	-1.885	8	-1.885	5	-1.442
1zuw_DGL	2V34_CTN	65	7	-1.245	5	-1.121	4	-0.926
1zuw_DGL	2V3D_NBV	92	6	-1.108	4	-0.987	4	-0.987
1zuw_DGL	2V95_HCY	64	6	-0.668	4	-0.891	3	-0.761
1zuw_DGL	2VDB_NPS	53	4	-0.42	1	-0.214	1	-0.214
1zuw_DGL	2VDM_AGG	57	6	-0.479	2	-0.318	0	0
1zuw_DGL	2VDY_HCY	65	6	-0.952	5	-1.02	3	-0.735
1zuw_DGL	2VE3_REA	104	6	-1.442	5	-1.428	5	-1.428
1zuw_DGL	2VFU_MTL	59	8	-0.647	4	-0.615	0	0
1zuw_DGL	2VIN_505	70	6	-0.986	5	-1.07	3	-0.683
1zuw_DGL	2VKE_TAC	100	5	-0.902	4	-0.99	4	-0.99
1zuw_DGL	2VN0_TDZ	111	9	-1.933	7	-1.758	6	-1.621
1zuw_DGL	2VN1_FK5	106	7	-0.878	4	-0.832	2	-0.581
1zuw_DGL	2VPP_GEO	75	7	-0.827	4	-0.71	1	-0.295
1zuw_DGL	2VQ5_LDP	67	7	-1.269	4	-1.042	4	-1.042
1zuw_DGL	2VQY_PAR	97	6	-1.158	5	-1.063	2	-0.59
1zuw_DGL	2VRV_CL6	70	6	-1.029	4	-1.013	3	-0.87
1zuw_DGL	2W26_RIV	106	8	-1.108	6	-1	1	-0.25
1zuw_DGL	2W3A_TOP	91	6	-1.065	4	-0.958	3	-0.832
1zuw_DGL	2W3V_TOP	85	8	-1.808	6	-1.663	6	-1.663
1zuw_DGL	2W4X_STZ	84	6	-1.165	6	-1.165	3	-0.732
1zuw_DGL	2W8Y_486	165	6	-0.662	3	-0.67	3	-0.67
1zuw_DGL	2W8Y_NDR	118	7	-1.077	5	-0.907	2	-0.473
1zuw_DGL	2W98_P1Z	108	7	-1.174	6	-1.182	3	-0.787
1zuw_DGL	2W9G_TOP	93	6	-0.759	4	-0.873	3	-0.767
1zuw_DGL	2W9H_TOP	93	6	-0.606	3	-0.687	3	-0.687
1zuw_DGL	2W9S_TOP	91	6	-1.12	4	-1.099	4	-1.099
1zuw_DGL	2WD9_IBP	107	8	-1.313	6	-1.337	4	-1.081
1zuw_DGL	2WTA_VGL	52	6	-0.806	5	-0.775	1	-0.231
1zuw_DGL	2WUZ_TPF	87	7	-1.103	4	-1.156	4	-1.156
1zuw_DGL	2WV2_TPF	102	5	-1.157	4	-1.096	4	-1.096
1zuw_DGL	2WX2_TPF	94	5	-1.099	4	-1.073	4	-1.073
1zuw_DGL	2Z54_AB1	180	6	-1.02	4	-0.911	3	-0.811
1zuw_DGL	2Z71_PNV	80	7	-1.182	6	-1.161	4	-0.894
1zuw_DGL	2Z77_NCA	79	9	-1.553	7	-1.416	3	-0.779
1zuw_DGL	2ZB7_NCA	70	5	-1.164	5	-1.164	2	-0.632
1zuw_DGL	2ZB8_IMN	114	6	-0.974	3	-0.759	2	-0.631
1zuw_DGL	2ZD8_MER	89	7	-0.755	5	-0.933	1	-0.294
1zuw_DGL	2ZI9_CL9	65	7	-0.947	5	-0.806	2	-0.441
1zuw_DGL	2ZIA_CL9	87	8	-1.243	5	-1.004	3	-0.765
1zuw_DGL	2ZJ0_2FA	118	7	-1.417	5	-1.306	5	-1.306
1zuw_DGL	2ZM7_ACA	73	7	-1.366	7	-1.366	3	-0.738
1zuw_DGL	2ZM8_ACA	71	7	-1.12	6	-1.096	2	-0.466
1zuw_DGL	2ZM9_ACA	79	5	-0.927	4	-0.934	2	-0.586
1zuw_DGL	2ZMA_ACA	79	6	-0.933	4	-0.814	2	-0.519
1zuw_DGL	2ZQ0_ACR	92	7	-1.144	5	-1.07	3	-0.809
1zuw_DGL	2ZQ9_CLS	25	5	-0.683	3	-0.692	2	-0.505
1zuw_DGL	2ZQC_AZR	96	9	-1.872	9	-1.872	6	-1.435
1zuw_DGL	2ZVA_1N1	107	6	-0.576	3	-0.624	2	-0.497
1zuw_DGL	3A2Q_ACA	107	10	-1.219	7	-1.411	4	-0.931
1zuw_DGL	3B2R_VDN	119	8	-0.995	4	-0.94	3	-0.795
1zuw_DGL	3B6H_MXD	65	4	-0.755	3	-0.77	3	-0.77
1zuw_DGL	3B7E_ZMR	53	5	-0.579	4	-0.624	1	-0.205
1zuw_DGL	3BBT_FMM	135	6	-0.957	5	-1.053	3	-0.76
1zuw_DGL	3BC9_ACR	69	5	-0.942	4	-0.925	3	-0.762
1zuw_DGL	3BFC_IM2	92	7	-0.511	4	-0.733	1	-0.231
1zuw_DGL	3BFG_MER	86	6	-0.399	3	-0.592	1	-0.253
1zuw_DGL	3BGD_PM6	51	5	-0.42	2	-0.456	2	-0.456
1zuw_DGL	3BJM_BJM	72	5	-0.829	4	-0.9	2	-0.532
1zuw_DGL	3BL1_BL1	91	8	-0.836	5	-0.85	1	-0.271
1zuw_DGL	3BME_DX2	62	6	-1.28	5	-1.253	3	-0.868
1zuw_DGL	3BMG_DX4	25	5	-0.859	4	-0.832	1	-0.319
1zuw_DGL	3BU1_HSM	81	6	-0.892	4	-0.758	1	-0.234
1zuw_DGL	3BUF_AEG	47	7	-1.193	6	-1.156	3	-0.745
1zuw_DGL	3BUR_TES	98	7	-1.327	6	-1.311	4	-1.015
1zuw_DGL	3BVB_017	206	6	-0.922	5	-0.917	2	-0.512
1zuw_DGL	3C0Z_SHH	40	4	-0.521	3	-0.609	1	-0.245
1zuw_DGL	3CAJ_EZL	62	7	-0.54	3	-0.548	2	-0.448
1zuw_DGL	3CD2_MTX	123	8	-1.353	5	-1.234	4	-1.075
1zuw_DGL	3CFQ_DIF	57	6	-0.965	5	-0.911	1	-0.246
1zuw_DGL	3CKZ_ZMR	61	6	-0.801	5	-0.801	0	0
1zuw_DGL	3CL0_G39	53	5	-0.604	4	-0.607	0	0
1zuw_DGL	3CL2_G39	51	6	-0.501	4	-0.502	0	0
1zuw_DGL	3CLA_CLM	71	6	-0.965	5	-0.972	3	-0.696
1zuw_DGL	3COT_STR	73	8	-1.226	6	-1.115	2	-0.513
1zuw_DGL	3CR4_PNT	12	3	-0.33	2	-0.382	1	-0.279
1zuw_DGL	3CR5_PNT	11	3	0.064	1	-0.217	1	-0.217
1zuw_DGL	3CS8_BRL	109	9	-1.715	8	-1.668	5	-1.23
1zuw_DGL	3CS9_NIL	133	7	-1.067	4	-0.899	2	-0.529
1zuw_DGL	3CSJ_CBL	76	6	-1.152	4	-1.093	3	-0.899
1zuw_DGL	3CWK_REA	112	8	-1.323	6	-1.32	4	-1.018
1zuw_DGL	3CYW_017	196	7	-1.273	5	-1.195	3	-0.828
1zuw_DGL	3CYX_ROC	198	7	-0.992	5	-1.221	4	-1.089
1zuw_DGL	3CZV_AZM	71	7	-0.523	4	-0.734	2	-0.48
1zuw_DGL	3D1X_ROC	188	5	-1.018	4	-1.004	3	-0.881
1zuw_DGL	3D1Y_ROC	179	7	-1.031	5	-1.255	4	-1.104
1zuw_DGL	3D1Z_017	196	7	-1.487	5	-1.323	5	-1.323
1zuw_DGL	3D20_017	196	6	-1.218	4	-1.035	4	-1.035
1zuw_DGL	3D2T_1FL	55	4	-0.709	4	-0.709	1	-0.233
1zuw_DGL	3D41_FCN	77	7	-1.113	6	-1.195	3	-0.693
1zuw_DGL	3D4S_TIM	105	5	-0.954	4	-0.911	3	-0.713
1zuw_DGL	3D90_NOG	126	5	-0.874	4	-0.781	3	-0.667
1zuw_DGL	3DAT_MTX	119	7	-0.954	4	-1.019	3	-0.846
1zuw_DGL	3DAU_MTX	134	6	-0.885	3	-0.833	3	-0.833
1zuw_DGL	3DAZ_MZM	62	6	-0.586	3	-0.646	2	-0.54
1zuw_DGL	3DC3_AZM	54	5	-0.196	2	-0.313	0	0
1zuw_DGL	3DCS_MZM	62	6	-0.544	2	-0.574	2	-0.574
1zuw_DGL	3DCW_EZL	70	8	-0.787	3	-0.721	1	-0.401
1zuw_DGL	3DD0_EZL	70	8	-0.617	2	-0.508	1	-0.327
1zuw_DGL	3DD1_CFF	34	5	-0.684	3	-0.613	1	-0.293
1zuw_DGL	3DDS_CFF	34	5	-0.746	4	-0.755	2	-0.506
1zuw_DGL	3DDW_CFF	34	5	-0.686	3	-0.626	1	-0.293
1zuw_DGL	3DFR_MTX	112	8	-1.567	7	-1.531	4	-1.068
1zuw_DGL	3DGQ_EAA	59	4	-0.622	2	-0.501	2	-0.501
1zuw_DGL	3DJI_TYL	38	5	-0.85	4	-0.786	2	-0.536
1zuw_DGL	3DRC_MTX	103	8	-1.511	5	-1.4	5	-1.4
1zuw_DGL	3DZG_NCA	38	5	-0.586	2	-0.382	1	-0.207
1zuw_DGL	3E4E_4PZ	32	3	-0.59	2	-0.6	2	-0.6
1zuw_DGL	3EBZ_017	187	6	-1.141	5	-1.118	4	-1.012
1zuw_DGL	3EIG_MTX	119	8	-1.632	8	-1.632	5	-1.217
1zuw_DGL	3EKP_478	186	7	-1.431	5	-1.329	5	-1.329
1zuw_DGL	3EKQ_ROC	162	6	-1.159	5	-1.161	3	-0.843
1zuw_DGL	3EKT_017	179	6	-0.827	3	-0.706	2	-0.538
1zuw_DGL	3EKV_478	188	6	-1.222	5	-1.133	4	-0.968
1zuw_DGL	3EKW_DR7	188	7	-1.262	6	-1.245	4	-1.009
1zuw_DGL	3EKX_1UN	180	4	-0.655	3	-0.614	1	-0.313
1zuw_DGL	3EKY_DR7	181	7	-0.839	4	-0.978	3	-0.781
1zuw_DGL	3EL0_1UN	169	6	-0.988	4	-0.866	2	-0.551
1zuw_DGL	3EL1_DR7	180	6	-1.054	4	-0.951	2	-0.568
1zuw_DGL	3EL4_ROC	183	9	-1.188	7	-1.447	4	-0.967
1zuw_DGL	3EL5_1UN	192	6	-1.153	5	-1.073	3	-0.786
1zuw_DGL	3EL9_DR7	177	6	-0.769	4	-0.999	3	-0.824
1zuw_DGL	3EM3_478	187	8	-1.432	5	-1.218	5	-1.218
1zuw_DGL	3EM4_DR7	187	8	-0.946	4	-0.861	3	-0.755
1zuw_DGL	3EM6_017	187	8	-1.472	6	-1.408	5	-1.302
1zuw_DGL	3EOR_CFV	69	4	-0.548	3	-0.515	1	-0.215
1zuw_DGL	3ERD_DES	110	6	-0.673	4	-0.785	2	-0.452
1zuw_DGL	3ERT_OHT	108	8	-1.086	6	-1.318	5	-1.143
1zuw_DGL	3EZ3_ZOL	35	6	-0.63	4	-0.609	0	0
1zuw_DGL	3F33_PFL	32	4	-0.213	1	-0.188	0	0
1zuw_DGL	3F4X_KLT	90	6	-0.653	3	-0.673	2	-0.547
1zuw_DGL	3F78_ICF	58	8	-0.763	5	-0.804	0	0
1zuw_DGL	3F8F_DM1	95	6	-0.72	4	-0.716	1	-0.263
1zuw_DGL	3FAL_REA	113	5	-0.585	3	-0.763	2	-0.639
1zuw_DGL	3FC6_REA	113	5	-0.588	3	-0.74	2	-0.604
1zuw_DGL	3FL9_TOP	101	6	-0.756	4	-0.841	2	-0.515
1zuw_DGL	3FO7_IMN	64	7	-0.877	5	-0.804	2	-0.407
1zuw_DGL	3FRQ_ERY	157	10	-1.685	8	-1.773	6	-1.43
1zuw_DGL	3FW1_STI	68	6	-0.527	2	-0.55	2	-0.55
1zuw_DGL	3G0E_B49	105	7	-0.919	3	-0.817	2	-0.618
1zuw_DGL	3G0F_B49	97	6	-0.968	4	-0.876	2	-0.556
1zuw_DGL	3G1R_FIT	77	9	-1.219	7	-1.143	1	-0.248
1zuw_DGL	3G5D_1N1	111	6	-0.646	3	-0.643	2	-0.504
1zuw_DGL	3GCL_AIN	24	6	-0.534	3	-0.507	1	-0.231
1zuw_DGL	3GCS_BAX	148	8	-1.075	4	-0.998	4	-0.998
1zuw_DGL	3GEE_FON	44	5	-0.633	3	-0.711	2	-0.569
1zuw_DGL	3GGT_017	196	7	-1.511	5	-1.393	5	-1.393
1zuw_DGL	3GGU_017	192	6	-1.182	5	-1.158	3	-0.837
1zuw_DGL	3GKZ_B40	46	6	0.059	0	0	0	0
1zuw_DGL	3GN8_DEX	125	7	-1.175	6	-1.107	2	-0.472
1zuw_DGL	3GP0_NIL	156	7	-1.084	5	-1.118	4	-1.006
1zuw_DGL	3GR6_TCL	93	7	-1.406	7	-1.406	4	-0.984
1zuw_DGL	3GSS_EAA	45	5	-0.921	4	-0.851	2	-0.509
1zuw_DGL	3GVU_STI	122	6	-0.856	5	-0.886	2	-0.49
1zuw_DGL	3GWC_UFP	42	5	-0.259	2	-0.296	0	0
1zuw_DGL	3GWS_T3	137	7	-1.043	5	-0.941	2	-0.515
1zuw_DGL	3GWU_SRE	79	7	-0.945	3	-0.734	3	-0.734
1zuw_DGL	3GWV_RFX	88	5	-0.728	3	-0.684	2	-0.512
1zuw_DGL	3GWW_SFX	89	6	-1.001	4	-0.992	3	-0.812
1zuw_DGL	3H0A_9RA	114	7	-1.281	6	-1.24	3	-0.756
1zuw_DGL	3H1X_IMN	64	8	-1.058	5	-0.951	2	-0.429
1zuw_DGL	3H5G_LEI	42	5	-0.298	3	-0.399	0	0
1zuw_DGL	3H6T_CYZ	91	8	-1.061	6	-1.182	3	-0.735
1zuw_DGL	3HAM_LLL	68	7	-0.944	5	-0.863	2	-0.49
1zuw_DGL	3HAV_SRY	58	5	-0.72	4	-0.784	2	-0.475
1zuw_DGL	3HCD_LT4	73	8	-1.424	8	-1.424	4	-0.891
1zuw_DGL	3HEC_STI	117	5	-0.405	2	-0.438	1	-0.313
1zuw_DGL	3HEG_BAX	139	8	-1.24	6	-1.137	2	-0.518
1zuw_DGL	3HII_PNT	97	8	-1.303	6	-1.164	2	-0.578
1zuw_DGL	3HJO_EAA	77	4	-1.059	3	-1.001	3	-1.001
1zuw_DGL	3HKU_TOR	76	6	-0.386	3	-0.446	0	0
1zuw_DGL	3HLF_SIM	119	10	-1.446	8	-1.357	2	-0.469
1zuw_DGL	3HLG_LVA	111	7	-1.18	7	-1.18	2	-0.529
1zuw_DGL	3HP1_LLT	85	7	-0.727	2	-0.501	2	-0.501
1zuw_DGL	3HVT_NVP	87	6	-0.946	4	-0.871	2	-0.607
1zuw_DGL	3I3K_KLN	135	5	-1.262	4	-1.169	3	-0.989
1zuw_DGL	3I9J_NCA	37	6	-0.662	3	-0.455	1	-0.226
1zuw_DGL	3IA4_MTX	118	6	-0.967	4	-0.904	2	-0.609
1zuw_DGL	3IAI_AZM	62	8	-0.631	3	-0.548	2	-0.445
1zuw_DGL	3IAZ_AIN	15	3	-0.355	2	-0.409	1	-0.285
1zuw_DGL	3IB0_DIF	35	4	-0.77	3	-0.773	3	-0.773
1zuw_DGL	3IB1_IMN	36	3	-0.758	3	-0.758	3	-0.758
1zuw_DGL	3IB2_IBP	50	3	-0.805	3	-0.805	3	-0.805
1zuw_DGL	3IJX_HCZ	81	4	-0.782	4	-0.782	2	-0.468
1zuw_DGL	3IK6_HCZ	72	5	-0.987	5	-0.987	3	-0.719
1zuw_DGL	3ILT_TRU	90	7	-1.08	6	-1.276	3	-0.735
1zuw_DGL	3ILU_HFZ	89	7	-1.299	6	-1.324	3	-0.812
1zuw_DGL	3ITA_AIC	50	4	-0.36	1	-0.271	1	-0.271
1zuw_DGL	3IVE_CTN	98	8	-1.656	6	-1.512	5	-1.385
1zuw_DGL	3IW2_EKO	100	7	-0.893	5	-1.099	3	-0.753
1zuw_DGL	3JWQ_VIA	119	7	-1.137	4	-1.003	4	-1.003
1zuw_DGL	3JZ0_CLY	70	7	-0.604	3	-0.517	1	-0.298
1zuw_DGL	3K2H_LYA	99	8	-1.946	8	-1.946	7	-1.769
1zuw_DGL	3KHM_TPF	86	5	-0.863	4	-0.932	3	-0.816
1zuw_DGL	3KIV_ACA	20	4	0.064	0	0	0	0
1zuw_DGL	3LBD_REA	116	7	-0.814	4	-0.752	2	-0.435
1zuw_DGL	3PAH_ALE	51	6	-1.088	5	-1.027	3	-0.751
1zuw_DGL	3PGH_FLP	117	5	-0.96	4	-0.879	3	-0.686
1zuw_DGL	3ZNC_BZ1	79	8	-0.901	4	-0.744	1	-0.367
1zuw_DGL	3l2v_RLT	105	8	-1.202	7	-1.127	2	-0.482
1zuw_DGL	3oya_RLT	97	8	-1.293	7	-1.244	2	-0.575
1zuw_DGL	3q7d_NPX	101	6	-0.972	6	-0.972	1	-0.262
1zuw_DGL	4CLA_CLM	70	4	-0.634	3	-0.641	2	-0.447
1zuw_DGL	4COX_IMN	132	9	-1.538	8	-1.456	2	-0.517
1zuw_DGL	4DFR_MTX	103	7	-1.194	4	-1.098	4	-1.098
1zuw_DGL	5PAH_LDP	27	5	-0.905	4	-0.858	2	-0.542
